  -2.7370798239736192e+00   1.0000000000000000e+00   0.0000000000000000e+00   1.0000000000000000e+01   0.0000000000000000e+00  -2.8531682216780472e+00   1.0000000000000000e+00   1.9000638365131422e+02   4.9888098722944960e+01  -1.3911772483363068e-03   1.9000000000000000e+02   5.0000000000000000e+01   0.0000000000000000e+00
  -1.0910314785316333e-01   2.0000000000000000e+00   0.0000000000000000e+00   1.0000000000000000e+01   0.0000000000000000e+00  -8.8822850446662682e-01   2.0000000000000000e+00   1.9982110436352713e+02   5.0129539096202194e+01   1.6911111023954241e-02   2.0000000000000000e+02   5.0000000000000000e+01   0.0000000000000000e+00
  -1.0968235081786055e+00   2.0000000000000000e+00   0.0000000000000000e+00   1.0000000000000000e+01   0.0000000000000000e+00  -1.0300411521923580e+00   2.0000000000000000e+00   2.0965671141668884e+02   5.0333591801536734e+01   3.0385183366282011e-02   2.1000000000000000e+02   5.0000000000000000e+01   0.0000000000000000e+00
  -1.9824410258212932e-01   3.0000000000000000e+00   0.0000000000000000e+00   1.0000000000000000e+01   0.0000000000000000e+00  -2.5690018933012582e-01   3.0000000000000000e+00   2.2026415249854605e+02   5.0791473317397404e+01   5.0630383193127265e-02   2.2000000000000000e+02   5.0000000000000000e+01   0.0000000000000000e+00
  -4.4894421339773249e-01   3.0000000000000000e+00   0.0000000000000000e+00   1.0000000000000000e+01   0.0000000000000000e+00  -2.7958883825639747e-01   3.0000000000000000e+00   2.3034775712200013e+02   5.1359236890095275e+01   6.2318129476158335e-02   2.3000000000000000e+02   5.0000000000000000e+01   0.0000000000000000e+00
   8.6604299115065286e-01   4.0000000000000000e+00   0.0000000000000000e+00   1.0000000000000000e+01   0.0000000000000000e+00   7.5950181257341498e-01   4.0000000000000000e+00   2.4009935902779083e+02   5.1897461404768933e+01   6.3032141962590549e-02   2.4000000000000000e+02   5.0000000000000000e+01   0.0000000000000000e+00
   9.1341107001919586e-01   4.0000000000000000e+00   0.0000000000000000e+00   1.0000000000000000e+01   0.0000000000000000e+00   7.6850256712827247e-01   4.0000000000000000e+00   2.5034812407775908e+02   5.2502786440488897e+01   7.6198734170662724e-02   2.5000000000000000e+02   5.0000000000000000e+01   0.0000000000000000e+00
   1.2798661773467119e+00   5.0000000000000000e+00   0.0000000000000000e+00   1.0000000000000000e+01   0.0000000000000000e+00   1.5513377743879511e+00   5.0000000000000000e+00   2.6093731428570192e+02   5.3366582073504588e+01   9.8649936631059892e-02   2.6000000000000000e+02   5.0000000000000000e+01   0.0000000000000000e+00
   1.2318355258366580e+00   5.0000000000000000e+00   0.0000000000000000e+00   1.0000000000000000e+01   0.0000000000000000e+00   1.5974015024385433e+00   5.0000000000000000e+00   2.7105816078513567e+02   5.4494414300500246e+01   9.5137056209505938e-02   2.7000000000000000e+02   5.0000000000000000e+01   0.0000000000000000e+00
   1.4695579963431071e+00   6.0000000000000000e+00   0.0000000000000000e+00   1.0000000000000000e+01   0.0000000000000000e+00   2.2976868886381161e+00   6.0000000000000000e+00   2.8085957860690263e+02   5.5499441451035587e+01   1.0553353446156929e-01   2.8000000000000000e+02   5.0000000000000000e+01   0.0000000000000000e+00
   1.8907843936146014e+00   6.0000000000000000e+00   0.0000000000000000e+00   1.0000000000000000e+01   0.0000000000000000e+00   2.3158847962950042e+00   6.0000000000000000e+00   2.9063281788091354e+02   5.6504554567615614e+01   1.0778867959460346e-01   2.9000000000000000e+02   5.0000000000000000e+01   0.0000000000000000e+00
  -3.2997624371582943e+00   1.0000000000000000e+00   0.0000000000000000e+00   1.0000000000000000e+01   0.0000000000000000e+00  -3.0393108160339204e+00   1.0000000000000000e+00   3.0092099898119051e+02   5.7661559940479336e+01   1.0086881774973509e-01   3.0000000000000000e+02   5.0000000000000000e+01   0.0000000000000000e+00
  -2.8232982192165119e+00   1.0000000000000000e+00   0.0000000000000000e+00   1.0000000000000000e+01   0.0000000000000000e+00  -3.0496546024601718e+00   1.0000000000000000e+00   3.1033326017585256e+02   5.8589525071997699e+01   1.0785866749708391e-01   3.1000000000000000e+02   5.0000000000000000e+01   0.0000000000000000e+00
  -2.8381596934635422e+00   2.0000000000000000e+00   0.0000000000000000e+00   1.0000000000000000e+01   0.0000000000000000e+00  -2.6324255572774717e+00   2.0000000000000000e+00   3.2024916412147962e+02   5.9821820325650570e+01   1.4355230599838625e-01   3.2000000000000000e+02   5.0000000000000000e+01   0.0000000000000000e+00
  -2.6460789392214497e+00   2.0000000000000000e+00   0.0000000000000000e+00   1.0000000000000000e+01   0.0000000000000000e+00  -2.6783169586248263e+00   2.0000000000000000e+00   3.3012649748679064e+02   6.1287247359644113e+01   1.4438755808500284e-01   3.3000000000000000e+02   5.0000000000000000e+01   0.0000000000000000e+00
  -7.4198482571957969e-01   3.0000000000000000e+00   0.0000000000000000e+00   1.0000000000000000e+01   0.0000000000000000e+00  -5.9225499542192173e-01   3.0000000000000000e+00   3.3989073024745795e+02   6.2565233192783694e+01   1.2206181004734154e-01   3.4000000000000000e+02   5.0000000000000000e+01   0.0000000000000000e+00
  -9.6038195894263334e-01   3.0000000000000000e+00   0.0000000000000000e+00   1.0000000000000000e+01   0.0000000000000000e+00  -6.1543278970404858e-01   3.0000000000000000e+00   3.4957388644608602e+02   6.3669786999638326e+01   1.0393050114729654e-01   3.5000000000000000e+02   5.0000000000000000e+01   0.0000000000000000e+00
   1.3517083571377089e+00   4.0000000000000000e+00   0.0000000000000000e+00   1.0000000000000000e+01   0.0000000000000000e+00   1.0668022121795542e+00   4.0000000000000000e+00   3.6074094879834138e+02   6.4612012811837928e+01   8.1379917591908268e-02   3.6000000000000000e+02   5.0000000000000000e+01   0.0000000000000000e+00
   1.1298340340879880e+00   4.0000000000000000e+00   0.0000000000000000e+00   1.0000000000000000e+01   0.0000000000000000e+00   1.0821054076927998e+00   4.0000000000000000e+00   3.7052677274586114e+02   6.5608711262009692e+01   1.0090732388035728e-01   3.7000000000000000e+02   5.0000000000000000e+01   0.0000000000000000e+00
   3.7280604830853847e-01   5.0000000000000000e+00   7.8539816339744828e-01   1.0000000000000000e+01   7.8539816339744828e-01   4.4635660364061391e-01   5.0000000000000000e+00   3.7653852491250535e+02   7.3672686105931106e+01   1.6767032824883519e+00   3.7707106781186548e+02   5.7071067811865476e+01   1.5707963267948966e+00
   7.0837693657373990e-01   5.0000000000000000e+00   0.0000000000000000e+00   1.0000000000000000e+01   0.0000000000000000e+00   4.8211799270246281e-01   5.0000000000000000e+00   3.7552612774175589e+02   8.3984277608148872e+01   1.6593411073375528e+00   3.7707106781186548e+02   6.7071067811865476e+01   1.5707963267948966e+00
   8.8435166241211305e-01   6.0000000000000000e+00   0.0000000000000000e+00   1.0000000000000000e+01   0.0000000000000000e+00   9.7489279885093394e-01   6.0000000000000000e+00   3.7447380305871980e+02   9.4685904289546585e+01   1.6575720389445991e+00   3.7707106781186548e+02   7.7071067811865476e+01   1.5707963267948966e+00
   6.0219237360305378e-01   6.0000000000000000e+00   0.0000000000000000e+00   1.0000000000000000e+01   0.0000000000000000e+00   9.9632553231906029e-01   6.0000000000000000e+00   3.7363568909915585e+02   1.0406610226736971e+02   1.6556155575292963e+00   3.7707106781186548e+02   8.7071067811865476e+01   1.5707963267948966e+00
   2.0099302114213926e+00   1.0000000000000000e+00   0.0000000000000000e+00   1.0000000000000000e+01   0.0000000000000000e+00   1.8067235939332349e+00   1.0000000000000000e+00   3.7278407544875768e+02   1.1337099791633966e+02   1.6466337649495946e+00   3.7707106781186548e+02   9.7071067811865476e+01   1.5707963267948966e+00
   2.4397004636319015e+00   1.0000000000000000e+00   0.0000000000000000e+00   1.0000000000000000e+01   0.0000000000000000e+00   1.8414580410813493e+00   1.0000000000000000e+00   3.7210898133049398e+02   1.2311096813064263e+02   1.6373746928627171e+00   3.7707106781186548e+02   1.0707106781186548e+02   1.5707963267948966e+00
   2.5005873796020186e+00   2.0000000000000000e+00   0.0000000000000000e+00   1.0000000000000000e+01   0.0000000000000000e+00   2.3184902257887678e+00   2.0000000000000000e+00   3.7146081300036417e+02   1.3291376855101919e+02   1.6216602357213807e+00   3.7707106781186548e+02   1.1707106781186548e+02   1.5707963267948966e+00
   1.8634949347006580e+00   2.0000000000000000e+00   0.0000000000000000e+00   1.0000000000000000e+01   0.0000000000000000e+00   2.3607199152570093e+00   2.0000000000000000e+00   3.7091766306910665e+02   1.4313380932249279e+02   1.6184787712414079e+00   3.7707106781186548e+02   1.2707106781186548e+02   1.5707963267948966e+00
  -3.0707652819907096e+00   3.0000000000000000e+00   0.0000000000000000e+00   1.0000000000000000e+01   0.0000000000000000e+00  -2.6229034245568483e+00   3.0000000000000000e+00   3.7047670617217415e+02   1.5228774759330710e+02   1.5980637682281718e+00   3.7707106781186548e+02   1.3707106781186548e+02   1.5707963267948966e+00
  -2.4979462845680738e+00   3.0000000000000000e+00   0.0000000000000000e+00   1.0000000000000000e+01   0.0000000000000000e+00  -2.6534740302713509e+00   3.0000000000000000e+00   3.7019106582022283e+02   1.6229827792834840e+02   1.6021352488610985e+00   3.7707106781186548e+02   1.4707106781186548e+02   1.5707963267948966e+00
  -8.4400501102958503e-01   4.0000000000000000e+00   0.0000000000000000e+00   1.0000000000000000e+01   0.0000000000000000e+00  -6.8796496582312638e-01   4.0000000000000000e+00   3.6999045475419604e+02   1.7283442983733482e+02   1.5960199418400760e+00   3.7707106781186548e+02   1.5707106781186548e+02   1.5707963267948966e+00
  -1.5331462619758085e+00   4.0000000000000000e+00   0.0000000000000000e+00   1.0000000000000000e+01   0.0000000000000000e+00  -7.2642334128439234e-01   4.0000000000000000e+00   3.6976874907129115e+02   1.8278349259172171e+02   1.5906179280891783e+00   3.7707106781186548e+02   1.6707106781186548e+02   1.5707963267948966e+00
   6.1270602043336098e-01   5.0000000000000000e+00   0.0000000000000000e+00   1.0000000000000000e+01   0.0000000000000000e+00   8.9973614384739831e-01   5.0000000000000000e+00   3.6962711603919450e+02   1.9249943767684667e+02   1.5796669571167348e+00   3.7707106781186548e+02   1.7707106781186548e+02   1.5707963267948966e+00
   1.0870283775531877e+00   5.0000000000000000e+00   0.0000000000000000e+00   1.0000000000000000e+01   0.0000000000000000e+00   9.4124736153493371e-01   5.0000000000000000e+00   3.6942311497143186e+02   2.0295351253589098e+02   1.5904081999862005e+00   3.7707106781186548e+02   1.8707106781186548e+02   1.5707963267948966e+00
   1.6916559762760004e+00   6.0000000000000000e+00   0.0000000000000000e+00   1.0000000000000000e+01   0.0000000000000000e+00   1.3210543764255454e+00   6.0000000000000000e+00   3.6931574517118571e+02   2.1332911881646842e+02   1.5984046414345177e+00   3.7707106781186548e+02   1.9707106781186548e+02   1.5707963267948966e+00
   2.3992407736765706e+00   6.0000000000000000e+00   0.0000000000000000e+00   1.0000000000000000e+01   0.0000000000000000e+00   1.3620871271174608e+00   6.0000000000000000e+00   3.6905941551327106e+02   2.2435022399977950e+02   1.5875362540177616e+00   3.7707106781186548e+02   2.0707106781186548e+02   1.5707963267948966e+00
   1.9110344550076828e+00   1.0000000000000000e+00   0.0000000000000000e+00   1.0000000000000000e+01   0.0000000000000000e+00   2.1710840643704632e+00   1.0000000000000000e+00   3.6907832957157535e+02   2.3408680621109852e+02   1.5625469581991962e+00   3.7707106781186548e+02   2.1707106781186548e+02   1.5707963267948966e+00
   2.3178930833541922e+00   1.0000000000000000e+00   0.0000000000000000e+00   1.0000000000000000e+01   0.0000000000000000e+00   2.1917165021073846e+00   1.0000000000000000e+00   3.6921561592449950e+02   2.4372613883080439e+02   1.5605543302632441e+00   3.7707106781186548e+02   2.2707106781186548e+02   1.5707963267948966e+00
   2.1967561492447496e+00   2.0000000000000000e+00   0.0000000000000000e+00   1.0000000000000000e+01   0.0000000000000000e+00   2.6892931403819356e+00   2.0000000000000000e+00   3.6937763687730228e+02   2.5398522309585681e+02   1.5582362177729692e+00   3.7707106781186548e+02   2.3707106781186548e+02   1.5707963267948966e+00
   2.8625035657857634e+00   2.0000000000000000e+00   0.0000000000000000e+00   1.0000000000000000e+01   0.0000000000000000e+00   2.7119307522728762e+00   2.0000000000000000e+00   3.6956752222563830e+02   2.6393131252710600e+02   1.5502304168776653e+00   3.7707106781186548e+02   2.4707106781186548e+02   1.5707963267948966e+00
   2.1464950863537187e+00   3.0000000000000000e+00   7.8539816339744828e-01   0.0000000000000000e+00   7.8539816339744828e-01   1.9258454602103523e+00   3.0000000000000000e+00   3.6956486852944397e+02   2.6393395136428052e+02   3.1267858199785494e+00   3.7707106781186548e+02   2.4707106781186548e+02  -3.1415926535897931e+00
   1.7902221070736215e+00   3.0000000000000000e+00   0.0000000000000000e+00   1.0000000000000000e+01   0.0000000000000000e+00   1.9543972266906682e+00   3.0000000000000000e+00   3.5908333477671925e+02   2.6408549884560512e+02   3.1328789452262709e+00   3.6707106781186548e+02   2.4707106781186548e+02  -3.1415926535897931e+00
  -3.2496484813613811e+00   4.0000000000000000e+00   0.0000000000000000e+00   1.0000000000000000e+01   0.0000000000000000e+00  -2.8835302809532277e+00   4.0000000000000000e+00   3.4933695846882887e+02   2.6420694743884553e+02   3.1233460591375350e+00   3.5707106781186548e+02   2.4707106781186548e+02  -3.1415926535897931e+00
  -3.3235328354949649e+00   4.0000000000000000e+00   0.0000000000000000e+00   1.0000000000000000e+01   0.0000000000000000e+00  -2.8966239068014392e+00   4.0000000000000000e+00   3.3935200814230518e+02   2.6431202223323817e+02   3.1169156927109496e+00   3.4707106781186548e+02   2.4707106781186548e+02  -3.1415926535897931e+00
  -2.0085754673886305e-01   5.0000000000000000e+00   0.0000000000000000e+00   1.0000000000000000e+01   0.0000000000000000e+00  -2.6042789916320563e-01   5.0000000000000000e+00   3.2970603388559118e+02   2.6467179573192612e+02   3.0999661731426724e+00   3.3707106781186548e+02   2.4707106781186548e+02  -3.1415926535897931e+00
  -6.5092590335366252e-01   5.0000000000000000e+00   0.0000000000000000e+00   1.0000000000000000e+01   0.0000000000000000e+00  -2.8275929893675045e-01   5.0000000000000000e+00   3.1897373637757715e+02   2.6516567019421393e+02   3.0889100046217073e+00   3.2707106781186548e+02   2.4707106781186548e+02  -3.1415926535897931e+00
   3.6186379539855323e-01   6.0000000000000000e+00   0.0000000000000000e+00   1.0000000000000000e+01   0.0000000000000000e+00  -5.3736079731217856e-02   6.0000000000000000e+00   3.0882963820927131e+02   2.6558867778720600e+02   3.1038247195832041e+00   3.1707106781186548e+02   2.4707106781186548e+02  -3.1415926535897931e+00
  -1.0427714987386043e-01   6.0000000000000000e+00   0.0000000000000000e+00   1.0000000000000000e+01   0.0000000000000000e+00  -5.4434678755510113e-02   6.0000000000000000e+00   2.9918602444262257e+02   2.6595919425882096e+02   3.1026900032040095e+00   3.0707106781186548e+02   2.4707106781186548e+02  -3.1415926535897931e+00
   5.8651855133232789e-01   1.0000000000000000e+00   0.0000000000000000e+00   1.0000000000000000e+01   0.0000000000000000e+00   8.4268452654460901e-01   1.0000000000000000e+00   2.8930224032845263e+02   2.6644205903517758e+02   3.0808276674965915e+00   2.9707106781186548e+02   2.4707106781186548e+02  -3.1415926535897931e+00
   1.4443417876634856e+00   1.0000000000000000e+00   0.0000000000000000e+00   1.0000000000000000e+01   0.0000000000000000e+00   8.6110074818053661e-01   1.0000000000000000e+00   2.7998620019888745e+02   2.6702891538829607e+02   3.0811787711552459e+00   2.8707106781186548e+02   2.4707106781186548e+02  -3.1415926535897931e+00
   1.4796797719720809e+00   2.0000000000000000e+00   0.0000000000000000e+00   1.0000000000000000e+01   0.0000000000000000e+00   1.5212907420836466e+00   2.0000000000000000e+00   2.7062943927627094e+02   2.6754786906728890e+02   3.0844970881148002e+00   2.7707106781186548e+02   2.4707106781186548e+02  -3.1415926535897931e+00
   1.4247536227273485e+00   2.0000000000000000e+00   0.0000000000000000e+00   1.0000000000000000e+01   0.0000000000000000e+00   1.5558095572872093e+00   2.0000000000000000e+00   2.6160042137817499e+02   2.6792723835924909e+02   3.0835537474432133e+00   2.6707106781186548e+02   2.4707106781186548e+02  -3.1415926535897931e+00
   2.4742091804818802e+00   3.0000000000000000e+00   0.0000000000000000e+00   1.0000000000000000e+01   0.0000000000000000e+00   2.2795613373417538e+00   3.0000000000000000e+00   2.5166864268509255e+02   2.6838430302735185e+02   3.0998510797307377e+00   2.5707106781186548e+02   2.4707106781186548e+02  -3.1415926535897931e+00
   2.4140100032282352e+00   3.0000000000000000e+00   0.0000000000000000e+00   1.0000000000000000e+01   0.0000000000000000e+00   2.3004693718142879e+00   3.0000000000000000e+00   2.4184301385821948e+02   2.6866037300889570e+02   3.1006382848656608e+00   2.4707106781186548e+02   2.4707106781186548e+02  -3.1415926535897931e+00
  -3.3482956563652078e+00   4.0000000000000000e+00   0.0000000000000000e+00   1.0000000000000000e+01   0.0000000000000000e+00  -3.0168103248157876e+00   4.0000000000000000e+00   2.3215927949234134e+02   2.6894514426776976e+02   3.1163536640158873e+00   2.3707106781186548e+02   2.4707106781186548e+02  -3.1415926535897931e+00
  -2.7605770040909214e+00   4.0000000000000000e+00   0.0000000000000000e+00   1.0000000000000000e+01   0.0000000000000000e+00  -3.0314725217595715e+00   4.0000000000000000e+00   2.2240092780929069e+02   2.6918901675905511e+02   3.1259990790035173e+00   2.2707106781186548e+02   2.4707106781186548e+02  -3.1415926535897931e+00
  -2.9936114012474353e+00   5.0000000000000000e+00   0.0000000000000000e+00   1.0000000000000000e+01   0.0000000000000000e+00  -2.4618480530514946e+00   5.0000000000000000e+00   2.1272355333957717e+02   2.6929885319012226e+02   3.1214120298455850e+00   2.1707106781186548e+02   2.4707106781186548e+02  -3.1415926535897931e+00
  -2.8282805520933669e+00   5.0000000000000000e+00   0.0000000000000000e+00   1.0000000000000000e+01   0.0000000000000000e+00  -2.6094882517187266e+00   5.0000000000000000e+00   2.0204942881857178e+02   2.6946599979938782e+02   3.1230521114844327e+00   2.0707106781186548e+02   2.4707106781186548e+02  -3.1415926535897931e+00
   2.1984553280095270e-01   6.0000000000000000e+00   0.0000000000000000e+00   1.0000000000000000e+01   0.0000000000000000e+00  -9.0977542804378420e-02   6.0000000000000000e+00   1.9164993599968656e+02   2.6979007187351601e+02   3.1031486160359614e+00   1.9707106781186548e+02   2.4707106781186548e+02  -3.1415926535897931e+00
   8.0007627107650525e-04   6.0000000000000000e+00   0.0000000000000000e+00   1.0000000000000000e+01   0.0000000000000000e+00  -6.6305789997105791e-02   6.0000000000000000e+00   1.8133699483061292e+02   2.7038695287454300e+02   3.0739084674320081e+00   1.8707106781186548e+02   2.4707106781186548e+02  -3.1415926535897931e+00
   8.8441490911172060e-01   1.0000000000000000e+00   0.0000000000000000e+00   1.0000000000000000e+01   0.0000000000000000e+00   1.1397946538812453e+00   1.0000000000000000e+00   1.7231765021354380e+02   2.7116165718903272e+02   3.0636032737659167e+00   1.7707106781186548e+02   2.4707106781186548e+02  -3.1415926535897931e+00
   1.3169059980186582e+00   1.0000000000000000e+00   0.0000000000000000e+00   1.0000000000000000e+01   0.0000000000000000e+00   1.1759577208656928e+00   1.0000000000000000e+00   1.6203453340020729e+02   2.7192003540234236e+02   3.0579659181427350e+00   1.6707106781186548e+02   2.4707106781186548e+02  -3.1415926535897931e+00
   1.4516398889455395e+00   2.0000000000000000e+00   0.0000000000000000e+00   1.0000000000000000e+01   0.0000000000000000e+00   1.9779235759771465e+00   2.0000000000000000e+00   1.5224182020420534e+02   2.7278718971551820e+02   3.0523479305910906e+00   1.5707106781186548e+02   2.4707106781186548e+02  -3.1415926535897931e+00
   1.4485680254461073e+00   2.0000000000000000e+00   0.0000000000000000e+00   1.0000000000000000e+01   0.0000000000000000e+00   2.0276158337727317e+00   2.0000000000000000e+00   1.4232378856124271e+02   2.7368819832429210e+02   3.0340385463294490e+00   1.4707106781186548e+02   2.4707106781186548e+02  -3.1415926535897931e+00
   2.5620535185420112e+00   3.0000000000000000e+00   0.0000000000000000e+00   1.0000000000000000e+01   0.0000000000000000e+00   2.5654541161884952e+00   3.0000000000000000e+00   1.3285886957008017e+02   2.7469220333009912e+02   3.0237538561954556e+00   1.3707106781186548e+02   2.4707106781186548e+02  -3.1415926535897931e+00
   2.6649889218478369e+00   3.0000000000000000e+00   0.0000000000000000e+00   1.0000000000000000e+01   0.0000000000000000e+00   2.5427325605088598e+00   3.0000000000000000e+00   1.2265212455550943e+02   2.7568135026250502e+02   3.0596446785953284e+00   1.2707106781186548e+02   2.4707106781186548e+02  -3.1415926535897931e+00
  -3.4673283186006332e+00   4.0000000000000000e+00   0.0000000000000000e+00   1.0000000000000000e+01   0.0000000000000000e+00  -3.0222202871396644e+00   4.0000000000000000e+00   1.1368182283443721e+02   2.7641667954921121e+02   3.0668014062298248e+00   1.1707106781186548e+02   2.4707106781186548e+02  -3.1415926535897931e+00
  -2.6285683039497987e+00   4.0000000000000000e+00   0.0000000000000000e+00   1.0000000000000000e+01   0.0000000000000000e+00  -3.0287546554591422e+00   4.0000000000000000e+00   1.0450945656085919e+02   2.7718890223083781e+02   3.0700463420206390e+00   1.0707106781186548e+02   2.4707106781186548e+02  -3.1415926535897931e+00
  -2.6321639768886551e+00   5.0000000000000000e+00   0.0000000000000000e+00   1.0000000000000000e+01   0.0000000000000000e+00  -2.9922366066673742e+00   5.0000000000000000e+00   9.4533856897548333e+01   2.7778262046318844e+02   3.0883506881570444e+00   9.7071067811865476e+01   2.4707106781186548e+02  -3.1415926535897931e+00
  -2.8888425578688568e+00   5.0000000000000000e+00   0.0000000000000000e+00   1.0000000000000000e+01   0.0000000000000000e+00  -3.0071229267099535e+00   5.0000000000000000e+00   8.4849374985151314e+01   2.7828079315075274e+02   3.0942018860798099e+00   8.7071067811865476e+01   2.4707106781186548e+02  -3.1415926535897931e+00
  -2.3643209210101999e+00   6.0000000000000000e+00   7.8539816339744828e-01   1.0000000000000000e+01   7.8539816339744828e-01  -1.9109936393796074e+00   6.0000000000000000e+00   7.7355888562752298e+01   2.7106029120027063e+02  -1.5863521791812190e+00   8.0000000000000000e+01   2.4000000000000000e+02  -1.5707963267948966e+00
  -1.8348056705305837e+00   6.0000000000000000e+00   0.0000000000000000e+00   1.0000000000000000e+01   0.0000000000000000e+00  -2.0590791771110650e+00   6.0000000000000000e+00   7.7029225683711459e+01   2.6072282614393811e+02  -1.5916530565658700e+00   8.0000000000000000e+01   2.3000000000000000e+02  -1.5707963267948966e+00
  -8.5837039233568679e-01   1.0000000000000000e+00   0.0000000000000000e+00   1.0000000000000000e+01   0.0000000000000000e+00  -1.9850971469125955e-01   1.0000000000000000e+00   7.6791188062179330e+01   2.5057370471062058e+02  -1.5913667906148212e+00   8.0000000000000000e+01   2.2000000000000000e+02  -1.5707963267948966e+00
   2.3574271782592693e-02   1.0000000000000000e+00   0.0000000000000000e+00   1.0000000000000000e+01   0.0000000000000000e+00  -2.1083517352944159e-01   1.0000000000000000e+00   7.6624337515793783e+01   2.4029319881943502e+02  -1.5874397355316150e+00   8.0000000000000000e+01   2.1000000000000000e+02  -1.5707963267948966e+00
   7.8812796441350508e-01   2.0000000000000000e+00   0.0000000000000000e+00   1.0000000000000000e+01   0.0000000000000000e+00   6.4768721862717993e-01   2.0000000000000000e+00   7.6571626143150070e+01   2.3066370693553856e+02  -1.5963173996233684e+00   8.0000000000000000e+01   2.0000000000000000e+02  -1.5707963267948966e+00
   3.7943191878331872e-01   2.0000000000000000e+00   0.0000000000000000e+00   1.0000000000000000e+01   0.0000000000000000e+00   6.4445428292034856e-01   2.0000000000000000e+00   7.6453840240305539e+01   2.2089545174021981e+02  -1.5721130053312100e+00   8.0000000000000000e+01   1.9000000000000000e+02  -1.5707963267948966e+00
   5.0626967699662473e-01   3.0000000000000000e+00   0.0000000000000000e+00   1.0000000000000000e+01   0.0000000000000000e+00   1.1139392824094299e+00   3.0000000000000000e+00   7.6306012329423965e+01   2.1068230282848921e+02  -1.6128041762687844e+00   8.0000000000000000e+01   1.8000000000000000e+02  -1.5707963267948966e+00
   1.2350956920360820e+00   3.0000000000000000e+00   0.0000000000000000e+00   1.0000000000000000e+01   0.0000000000000000e+00   1.1366972430439695e+00   3.0000000000000000e+00   7.5840654599510870e+01   2.0085462378862991e+02  -1.6152640694008786e+00   8.0000000000000000e+01   1.7000000000000000e+02  -1.5707963267948966e+00
   1.8473356209975436e+00   4.0000000000000000e+00   0.0000000000000000e+00   1.0000000000000000e+01   0.0000000000000000e+00   1.8576970719610397e+00   4.0000000000000000e+00   7.5506640370287812e+01   1.9185239812336096e+02  -1.6047815529644200e+00   8.0000000000000000e+01   1.6000000000000000e+02  -1.5707963267948966e+00
   1.9276883519383206e+00   4.0000000000000000e+00   0.0000000000000000e+00   1.0000000000000000e+01   0.0000000000000000e+00   1.8677996861790938e+00   4.0000000000000000e+00   7.5271215747562707e+01   1.8299710160457136e+02  -1.5937417563911171e+00   8.0000000000000000e+01   1.5000000000000000e+02  -1.5707963267948966e+00
   2.9122308809043211e+00   5.0000000000000000e+00   0.0000000000000000e+00   1.0000000000000000e+01   0.0000000000000000e+00   2.2050044054606421e+00   5.0000000000000000e+00   7.5039118856674406e+01   1.7256167846493759e+02  -1.5840392322411716e+00   8.0000000000000000e+01   1.4000000000000000e+02  -1.5707963267948966e+00
   2.0462327690503881e+00   5.0000000000000000e+00   0.0000000000000000e+00   1.0000000000000000e+01   0.0000000000000000e+00   2.2296931857537543e+00   5.0000000000000000e+00   7.4862226752160183e+01   1.6152844298367395e+02  -1.5668797899689706e+00   8.0000000000000000e+01   1.3000000000000000e+02  -1.5707963267948966e+00
  -2.5387526658405131e+00   6.0000000000000000e+00   0.0000000000000000e+00   1.0000000000000000e+01   0.0000000000000000e+00  -2.7803456160084643e+00   6.0000000000000000e+00   7.4959230704884547e+01   1.5127033471190620e+02  -1.5659071837653056e+00   8.0000000000000000e+01   1.2000000000000000e+02  -1.5707963267948966e+00
  -2.6552108743690734e+00   6.0000000000000000e+00   0.0000000000000000e+00   1.0000000000000000e+01   0.0000000000000000e+00  -2.8128859007019296e+00   6.0000000000000000e+00   7.5073985711302868e+01   1.4096688602204571e+02  -1.5556949211327584e+00   8.0000000000000000e+01   1.1000000000000000e+02  -1.5707963267948966e+00
   3.6580767812387838e-02   1.0000000000000000e+00   0.0000000000000000e+00   1.0000000000000000e+01   0.0000000000000000e+00  -4.2231709392761041e-01   1.0000000000000000e+00   7.5314220615104617e+01   1.3088857309287516e+02  -1.5418198222664967e+00   8.0000000000000000e+01   1.0000000000000000e+02  -1.5707963267948966e+00
  -2.2858013163330035e-01   1.0000000000000000e+00   0.0000000000000000e+00   1.0000000000000000e+01   0.0000000000000000e+00  -4.7157794034140910e-01   1.0000000000000000e+00   7.5656313552485443e+01   1.2146645096551764e+02  -1.5220477381789392e+00   8.0000000000000000e+01   9.0000000000000000e+01  -1.5707963267948966e+00
   6.9545427639172674e-01   2.0000000000000000e+00   0.0000000000000000e+00   1.0000000000000000e+01   0.0000000000000000e+00   9.2316557571821178e-01   2.0000000000000000e+00   7.6211141538349978e+01   1.1109218150439598e+02  -1.5135291301627469e+00   8.0000000000000000e+01   8.0000000000000000e+01  -1.5707963267948966e+00
   8.0088455463925712e-01   2.0000000000000000e+00   0.0000000000000000e+00   1.0000000000000000e+01   0.0000000000000000e+00   9.6599081542521748e-01   2.0000000000000000e+00   7.6768276866977573e+01   1.0153926695714031e+02  -1.5170231252990867e+00   8.0000000000000000e+01   7.0000000000000000e+01  -1.5707963267948966e+00
   1.2670673249009738e+00   3.0000000000000000e+00   0.0000000000000000e+00   1.0000000000000000e+01   0.0000000000000000e+00   1.3016079806535739e+00   3.0000000000000000e+00   7.7256512835136363e+01   9.1047370255531845e+01  -1.5333966346193759e+00   8.0000000000000000e+01   6.0000000000000000e+01  -1.5707963267948966e+00
   1.2658069282514071e+00   3.0000000000000000e+00   0.0000000000000000e+00   1.0000000000000000e+01   0.0000000000000000e+00   1.3195814337756455e+00   3.0000000000000000e+00   7.7669777850577248e+01   8.1131042898206402e+01  -1.5270997542368128e+00   8.0000000000000000e+01   5.0000000000000000e+01  -1.5707963267948966e+00
   6.7468200383221921e-01   4.0000000000000000e+00   7.8539816339744828e-01   0.0000000000000000e+00   7.8539816339744828e-01   5.2843658045101027e-01   4.0000000000000000e+00   7.7672256523040943e+01   8.1128607502728954e+01  -2.7705577851821928e-02   8.0000000000000000e+01   5.0000000000000000e+01   0.0000000000000000e+00
   3.7679949012549130e-01   4.0000000000000000e+00   0.0000000000000000e+00   1.0000000000000000e+01   0.0000000000000000e+00   5.2315753542266807e-01   4.0000000000000000e+00   8.7804112648620759e+01   8.0884641691432307e+01  -1.0631073575075822e-02   9.0000000000000000e+01   5.0000000000000000e+01   0.0000000000000000e+00
   1.0613284679906330e+00   5.0000000000000000e+00   0.0000000000000000e+00   1.0000000000000000e+01   0.0000000000000000e+00   9.7642911582077530e-01   5.0000000000000000e+00   9.7003974044149089e+01   8.0916948589383509e+01  -7.5225010598239869e-03   1.0000000000000000e+02   5.0000000000000000e+01   0.0000000000000000e+00
   1.3371957570997586e+00   5.0000000000000000e+00   0.0000000000000000e+00   1.0000000000000000e+01   0.0000000000000000e+00   1.0218236338806890e+00   5.0000000000000000e+00   1.0768415897795971e+02   8.0747067411000117e+01  -1.7359380144047837e-02   1.1000000000000000e+02   5.0000000000000000e+01   0.0000000000000000e+00
   2.2457786867510769e+00   6.0000000000000000e+00   0.0000000000000000e+00   1.0000000000000000e+01   0.0000000000000000e+00   1.9946289031933646e+00   6.0000000000000000e+00   1.1788955444116941e+02   8.0721567534800229e+01   6.1393590610426818e-03   1.2000000000000000e+02   5.0000000000000000e+01   0.0000000000000000e+00
   1.8399657563477452e+00   6.0000000000000000e+00   0.0000000000000000e+00   1.0000000000000000e+01   0.0000000000000000e+00   2.0360440020856720e+00   6.0000000000000000e+00   1.2732863854475801e+02   8.0840662320211550e+01   1.2334587491438839e-03   1.3000000000000000e+02   5.0000000000000000e+01   0.0000000000000000e+00
  -2.5324269126278476e+00   1.0000000000000000e+00   0.0000000000000000e+00   1.0000000000000000e+01   0.0000000000000000e+00  -2.5339074287192322e+00   1.0000000000000000e+00   1.3746763011037791e+02   8.0859561382666584e+01  -8.1769344254757929e-04   1.4000000000000000e+02   5.0000000000000000e+01   0.0000000000000000e+00
  -2.5318611807654996e+00   1.0000000000000000e+00   0.0000000000000000e+00   1.0000000000000000e+01   0.0000000000000000e+00  -2.5770872082205489e+00   1.0000000000000000e+00   1.4712870461489024e+02   8.0939964672487065e+01   6.0306607295448822e-03   1.5000000000000000e+02   5.0000000000000000e+01   0.0000000000000000e+00
  -5.8783095983849987e-01   2.0000000000000000e+00   0.0000000000000000e+00   1.0000000000000000e+01   0.0000000000000000e+00  -7.7508303381325583e-01   2.0000000000000000e+00   1.5643085002813748e+02   8.1215217985958191e+01   1.5784099051009172e-02   1.6000000000000000e+02   5.0000000000000000e+01   0.0000000000000000e+00
  -1.0744071348408346e+00   2.0000000000000000e+00   0.0000000000000000e+00   1.0000000000000000e+01   0.0000000000000000e+00  -8.6319361708174958e-01   2.0000000000000000e+00   1.6628576987329981e+02   8.1531091783872498e+01   4.0820041991086839e-02   1.7000000000000000e+02   5.0000000000000000e+01   0.0000000000000000e+00
  -9.0691748481982803e-01   3.0000000000000000e+00   0.0000000000000000e+00   1.0000000000000000e+01   0.0000000000000000e+00  -3.2532811557783303e-01   3.0000000000000000e+00   1.7707226657685860e+02   8.1923091931165175e+01   4.6286690318211914e-02   1.8000000000000000e+02   5.0000000000000000e+01   0.0000000000000000e+00
  -1.0755227989767777e+00   3.0000000000000000e+00   0.0000000000000000e+00   1.0000000000000000e+01   0.0000000000000000e+00  -3.5319064102654435e-01   3.0000000000000000e+00   1.8678047158251496e+02   8.2470826551892031e+01   6.3046415419751992e-02   1.9000000000000000e+02   5.0000000000000000e+01   0.0000000000000000e+00
   7.8141998044305838e-01   4.0000000000000000e+00   0.0000000000000000e+00   1.0000000000000000e+01   0.0000000000000000e+00   6.2029652762395993e-01   4.0000000000000000e+00   1.9703101432157135e+02   8.2980879590397137e+01   4.5773799893171908e-02   2.0000000000000000e+02   5.0000000000000000e+01   0.0000000000000000e+00
   6.7328616822323406e-01   4.0000000000000000e+00   0.0000000000000000e+00   1.0000000000000000e+01   0.0000000000000000e+00   6.4954604279604589e-01   4.0000000000000000e+00   2.0643789429796018e+02   8.3356955314263942e+01   3.3207828517529486e-02   2.1000000000000000e+02   5.0000000000000000e+01   0.0000000000000000e+00
   1.9963190380066542e+00   5.0000000000000000e+00   0.0000000000000000e+00   1.0000000000000000e+01   0.0000000000000000e+00   1.4306706273852616e+00   5.0000000000000000e+00   2.1674805326923436e+02   8.3718310978945382e+01   1.9475148427534509e-02   2.2000000000000000e+02   5.0000000000000000e+01   0.0000000000000000e+00
   1.3564625780392165e+00   5.0000000000000000e+00   0.0000000000000000e+00   1.0000000000000000e+01   0.0000000000000000e+00   1.4775903608648602e+00   5.0000000000000000e+00   2.2580756098713033e+02   8.3976123973754682e+01   1.5523275953864388e-02   2.3000000000000000e+02   5.0000000000000000e+01   0.0000000000000000e+00
   2.1407905375348482e+00   6.0000000000000000e+00   0.0000000000000000e+00   1.0000000000000000e+01   0.0000000000000000e+00   2.3564191160616250e+00   6.0000000000000000e+00   2.3603078575800805e+02   8.4150491043149898e+01   1.6755561415101948e-02   2.4000000000000000e+02   5.0000000000000000e+01   0.0000000000000000e+00
   2.4847443231661619e+00   6.0000000000000000e+00   0.0000000000000000e+00   1.0000000000000000e+01   0.0000000000000000e+00   2.3798645667995078e+00   6.0000000000000000e+00   2.4668546460641642e+02   8.4426355585205471e+01   1.8109266160501698e-02   2.5000000000000000e+02   5.0000000000000000e+01   0.0000000000000000e+00
  -2.2496392484568268e+00   1.0000000000000000e+00   0.0000000000000000e+00   1.0000000000000000e+01   0.0000000000000000e+00  -2.8037739781194202e+00   1.0000000000000000e+00   2.5653132954823826e+02   8.4450444128563362e+01   6.4552526090343324e-03   2.6000000000000000e+02   5.0000000000000000e+01   0.0000000000000000e+00
  -3.1226246471990531e+00   1.0000000000000000e+00   0.0000000000000000e+00   1.0000000000000000e+01   0.0000000000000000e+00  -2.8189781449641647e+00   1.0000000000000000e+00   2.6652292510838106e+02   8.4569159710769057e+01   9.1030472357031995e-03   2.7000000000000000e+02   5.0000000000000000e+01   0.0000000000000000e+00
  -1.6936284215831403e+00   2.0000000000000000e+00   0.0000000000000000e+00   1.0000000000000000e+01   0.0000000000000000e+00  -1.9636885976898375e+00   2.0000000000000000e+00   2.7608061787359532e+02   8.4611232487874318e+01   9.9824322536415482e-03   2.8000000000000000e+02   5.0000000000000000e+01   0.0000000000000000e+00
  -2.2661541050796381e+00   2.0000000000000000e+00   0.0000000000000000e+00   1.0000000000000000e+01   0.0000000000000000e+00  -2.0218787867725365e+00   2.0000000000000000e+00   2.8511361665905224e+02   8.4624212829469911e+01  -2.0113532083253755e-02   2.9000000000000000e+02   5.0000000000000000e+01   0.0000000000000000e+00
  -1.0493897231536717e+00   3.0000000000000000e+00   0.0000000000000000e+00   1.0000000000000000e+01   0.0000000000000000e+00  -4.5421111001628300e-01   3.0000000000000000e+00   2.9486835814241488e+02   8.4562810296698856e+01  -1.1798464892828979e-02   3.0000000000000000e+02   5.0000000000000000e+01   0.0000000000000000e+00
  -8.6226924949613348e-01   3.0000000000000000e+00   0.0000000000000000e+00   1.0000000000000000e+01   0.0000000000000000e+00  -4.6334902257898342e-01   3.0000000000000000e+00   3.0578023276111423e+02   8.4335003125696076e+01  -2.9004265195819258e-02   3.1000000000000000e+02   5.0000000000000000e+01   0.0000000000000000e+00
   1.0432735466729093e+00   4.0000000000000000e+00   0.0000000000000000e+00   1.0000000000000000e+01   0.0000000000000000e+00   9.8109541866109284e-01   4.0000000000000000e+00   3.1544397576749168e+02   8.4073431368407256e+01  -2.7475237909692592e-02   3.2000000000000000e+02   5.0000000000000000e+01   0.0000000000000000e+00
   6.0636613220175228e-01   4.0000000000000000e+00   0.0000000000000000e+00   1.0000000000000000e+01   0.0000000000000000e+00   1.0256413433798612e+00   4.0000000000000000e+00   3.2609062164620457e+02   8.3717925485377293e+01  -3.6353618411125069e-02   3.3000000000000000e+02   5.0000000000000000e+01   0.0000000000000000e+00
   1.5878625135694868e+00   5.0000000000000000e+00   0.0000000000000000e+00   1.0000000000000000e+01   0.0000000000000000e+00   2.0191695012491286e+00   5.0000000000000000e+00   3.3617050016258196e+02   8.3445147194744578e+01  -2.4240747511902767e-02   3.4000000000000000e+02   5.0000000000000000e+01   0.0000000000000000e+00
   1.7863030944550542e+00   5.0000000000000000e+00   0.0000000000000000e+00   1.0000000000000000e+01   0.0000000000000000e+00   2.0442205611766231e+00   5.0000000000000000e+00   3.4696232311212793e+02   8.3406319396193553e+01  -7.2276192667779099e-03   3.5000000000000000e+02   5.0000000000000000e+01   0.0000000000000000e+00
   2.7826328056719887e+00   6.0000000000000000e+00   0.0000000000000000e+00   1.0000000000000000e+01   0.0000000000000000e+00   2.5782729015040355e+00   6.0000000000000000e+00   3.5631157647879985e+02   8.3395516461950692e+01   6.7931711077534986e-03   3.6000000000000000e+02   5.0000000000000000e+01   0.0000000000000000e+00
   2.6483490327598265e+00   6.0000000000000000e+00   0.0000000000000000e+00   1.0000000000000000e+01   0.0000000000000000e+00   2.5894637100351194e+00   6.0000000000000000e+00   3.6656900701421921e+02   8.3410811241570542e+01   9.0586637407434820e-03   3.7000000000000000e+02   5.0000000000000000e+01   0.0000000000000000e+00
   1.8704484107666390e+00   1.0000000000000000e+00   7.8539816339744828e-01   1.0000000000000000e+01   7.8539816339744828e-01   1.7232736773480868e+00   1.0000000000000000e+00   3.7295714057195079e+02   9.0242650606117195e+01   1.6693142779718741e+00   3.7707106781186548e+02   5.7071067811865476e+01   1.5707963267948966e+00
   2.3861684749623566e+00   1.0000000000000000e+00   0.0000000000000000e+00   1.0000000000000000e+01   0.0000000000000000e+00   1.7381530287088154e+00   1.0000000000000000e+00   3.7184806278775477e+02   1.0017250159308821e+02   1.6815553371060052e+00   3.7707106781186548e+02   6.7071067811865476e+01   1.5707963267948966e+00
   1.6198400699373063e+00   2.0000000000000000e+00   0.0000000000000000e+00   1.0000000000000000e+01   0.0000000000000000e+00   2.1969116263402064e+00   2.0000000000000000e+00   3.7084475997040221e+02   1.1037923505034136e+02   1.6530426801197475e+00   3.7707106781186548e+02   7.7071067811865476e+01   1.5707963267948966e+00
   2.3860167605015876e+00   2.0000000000000000e+00   0.0000000000000000e+00   1.0000000000000000e+01   0.0000000000000000e+00   2.2205746333150280e+00   2.0000000000000000e+00   3.6985746062584758e+02   1.2047234885145268e+02   1.6766858191422256e+00   3.7707106781186548e+02   8.7071067811865476e+01   1.5707963267948966e+00
  -2.3614539114984829e+00   3.0000000000000000e+00   0.0000000000000000e+00   1.0000000000000000e+01   0.0000000000000000e+00  -2.6212155652207216e+00   3.0000000000000000e+00   3.6885699694692067e+02   1.3022875602727873e+02   1.6763527755727694e+00   3.7707106781186548e+02   9.7071067811865476e+01   1.5707963267948966e+00
  -2.4329910960290269e+00   3.0000000000000000e+00   0.0000000000000000e+00   1.0000000000000000e+01   0.0000000000000000e+00  -2.6363114044086755e+00   3.0000000000000000e+00   3.6797419667728735e+02   1.4008257299934237e+02   1.6615664495051223e+00   3.7707106781186548e+02   1.0707106781186548e+02   1.5707963267948966e+00
  -9.3191831970761818e-01   4.0000000000000000e+00   0.0000000000000000e+00   1.0000000000000000e+01   0.0000000000000000e+00  -6.9741537336448223e-01   4.0000000000000000e+00   3.6695197009663258e+02   1.5067212940919839e+02   1.6713008277614947e+00   3.7707106781186548e+02   1.1707106781186548e+02   1.5707963267948966e+00
  -6.4523531211112028e-01   4.0000000000000000e+00   0.0000000000000000e+00   1.0000000000000000e+01   0.0000000000000000e+00  -7.2477246770054815e-01   4.0000000000000000e+00   3.6595905721295486e+02   1.6080172557043093e+02   1.6587239743674203e+00   3.7707106781186548e+02   1.2707106781186548e+02   1.5707963267948966e+00
   1.4479395064613576e+00   5.0000000000000000e+00   0.0000000000000000e+00   1.0000000000000000e+01   0.0000000000000000e+00   7.1037417478671228e-01   5.0000000000000000e+00   3.6501344915170506e+02   1.7111214025891550e+02   1.6545350517452888e+00   3.7707106781186548e+02   1.3707106781186548e+02   1.5707963267948966e+00
   7.4671499267576613e-01   5.0000000000000000e+00   0.0000000000000000e+00   1.0000000000000000e+01   0.0000000000000000e+00   7.7870457276931404e-01   5.0000000000000000e+00   3.6437722112752147e+02   1.8124782384220256e+02   1.6273138524585855e+00   3.7707106781186548e+02   1.4707106781186548e+02   1.5707963267948966e+00
   1.1616200938692220e+00   6.0000000000000000e+00   0.0000000000000000e+00   1.0000000000000000e+01   0.0000000000000000e+00   1.1976526422553377e+00   6.0000000000000000e+00   3.6364137485592431e+02   1.9111583811661197e+02   1.6576004065155081e+00   3.7707106781186548e+02   1.5707106781186548e+02   1.5707963267948966e+00
   8.7471409987956494e-01   6.0000000000000000e+00   0.0000000000000000e+00   1.0000000000000000e+01   0.0000000000000000e+00   1.2107735777561084e+00   6.0000000000000000e+00   3.6285357003830387e+02   2.0117901732681187e+02   1.6711453778299274e+00   3.7707106781186548e+02   1.6707106781186548e+02   1.5707963267948966e+00
   2.5223597643725904e+00   1.0000000000000000e+00   0.0000000000000000e+00   1.0000000000000000e+01   0.0000000000000000e+00   1.9855750085202981e+00   1.0000000000000000e+00   3.6155197907822895e+02   2.1200238474787693e+02   1.7128357637002882e+00   3.7707106781186548e+02   1.7707106781186548e+02   1.5707963267948966e+00
   2.1520491166459319e+00   1.0000000000000000e+00   0.0000000000000000e+00   1.0000000000000000e+01   0.0000000000000000e+00   2.0084776131030573e+00   1.0000000000000000e+00   3.6034301519392682e+02   2.2073076941753854e+02   1.7098171120463188e+00   3.7707106781186548e+02   1.8707106781186548e+02   1.5707963267948966e+00
   2.2446550311796383e+00   2.0000000000000000e+00   0.0000000000000000e+00   1.0000000000000000e+01   0.0000000000000000e+00   2.5110464161565575e+00   2.0000000000000000e+00   3.5873510164728947e+02   2.3105180537428788e+02   1.7335169626415881e+00   3.7707106781186548e+02   1.9707106781186548e+02   1.5707963267948966e+00
   2.7679355577844933e+00   2.0000000000000000e+00   0.0000000000000000e+00   1.0000000000000000e+01   0.0000000000000000e+00   2.5277415842012263e+00   2.0000000000000000e+00   3.5702790969147941e+02   2.4125628492304239e+02   1.7397418715205881e+00   3.7707106781186548e+02   2.0707106781186548e+02   1.5707963267948966e+00
  -2.6224663055408866e+00   3.0000000000000000e+00   0.0000000000000000e+00   1.0000000000000000e+01   0.0000000000000000e+00  -2.8987999488218867e+00   3.0000000000000000e+00   3.5523572169318737e+02   2.5160906547796029e+02   1.7326664635340430e+00   3.7707106781186548e+02   2.1707106781186548e+02   1.5707963267948966e+00
  -3.1232877106182428e+00   3.0000000000000000e+00   0.0000000000000000e+00   1.0000000000000000e+01   0.0000000000000000e+00  -2.8961484778807920e+00   3.0000000000000000e+00   3.5356337146779066e+02   2.6194323951667315e+02   1.7210979765998207e+00   3.7707106781186548e+02   2.2707106781186548e+02   1.5707963267948966e+00
  -1.0557460975682711e+00   4.0000000000000000e+00   0.0000000000000000e+00   1.0000000000000000e+01   0.0000000000000000e+00  -1.5373443146095687e+00   4.0000000000000000e+00   3.5211069902425334e+02   2.7088241290436599e+02   1.7255294048334899e+00   3.7707106781186548e+02   2.3707106781186548e+02   1.5707963267948966e+00
  -2.1604816586046156e+00   4.0000000000000000e+00   0.0000000000000000e+00   1.0000000000000000e+01   0.0000000000000000e+00  -1.6093189414568434e+00   4.0000000000000000e+00   3.5060501689642257e+02   2.8066089261319621e+02   1.7098649833729773e+00   3.7707106781186548e+02   2.4707106781186548e+02   1.5707963267948966e+00
  -4.3909872568465580e-01   5.0000000000000000e+00   7.8539816339744828e-01   0.0000000000000000e+00   7.8539816339744828e-01  -2.0277658887994221e-01   5.0000000000000000e+00   3.5061210405280139e+02   2.8065525759653963e+02  -3.0428905845818059e+00   3.7707106781186548e+02   2.4707106781186548e+02  -3.1415926535897931e+00
  -3.2301084839855415e-01   5.0000000000000000e+00   0.0000000000000000e+00   1.0000000000000000e+01   0.0000000000000000e+00  -2.1919533538047808e-01   5.0000000000000000e+00   3.4048525659565831e+02   2.7977731910487336e+02  -3.0458726663504176e+00   3.6707106781186548e+02   2.4707106781186548e+02  -3.1415926535897931e+00
   4.9481690333947420e-02   6.0000000000000000e+00   0.0000000000000000e+00   1.0000000000000000e+01   0.0000000000000000e+00  -1.4794232353435710e-01   6.0000000000000000e+00   3.3087104206217208e+02   2.7891764773326690e+02  -3.0358439720920543e+00   3.5707106781186548e+02   2.4707106781186548e+02  -3.1415926535897931e+00
   2.7642202905901886e-01   6.0000000000000000e+00   0.0000000000000000e+00   1.0000000000000000e+01   0.0000000000000000e+00  -1.3138392217347583e-01   6.0000000000000000e+00   3.2093398295948958e+02   2.7798738236791502e+02  -3.0568937914814223e+00   3.4707106781186548e+02   2.4707106781186548e+02  -3.1415926535897931e+00
   1.2507944316503183e+00   1.0000000000000000e+00   0.0000000000000000e+00   1.0000000000000000e+01   0.0000000000000000e+00   6.5967041411584226e-01   1.0000000000000000e+00   3.1092493072735436e+02   2.7701367573950290e+02  -3.0386346071351142e+00   3.3707106781186548e+02   2.4707106781186548e+02  -3.1415926535897931e+00
   1.2188526588881996e+00   1.0000000000000000e+00   0.0000000000000000e+00   1.0000000000000000e+01   0.0000000000000000e+00   6.6982316952088716e-01   1.0000000000000000e+00   3.0134230446352427e+02   2.7602605255040834e+02  -3.0337754073826164e+00   3.2707106781186548e+02   2.4707106781186548e+02  -3.1415926535897931e+00
   1.4935382123352849e+00   2.0000000000000000e+00   0.0000000000000000e+00   1.0000000000000000e+01   0.0000000000000000e+00   1.2723506849659509e+00   2.0000000000000000e+00   2.9111203489260743e+02   2.7471880991845455e+02  -3.0200502478070708e+00   3.1707106781186548e+02   2.4707106781186548e+02  -3.1415926535897931e+00
   1.5225668235119847e+00   2.0000000000000000e+00   0.0000000000000000e+00   1.0000000000000000e+01   0.0000000000000000e+00   1.2937975803590032e+00   2.0000000000000000e+00   2.8113706837414878e+02   2.7352526355188201e+02  -3.0067132014795996e+00   3.0707106781186548e+02   2.4707106781186548e+02  -3.1415926535897931e+00
   1.6553652151489369e+00   3.0000000000000000e+00   0.0000000000000000e+00   1.0000000000000000e+01   0.0000000000000000e+00   2.0463081798995630e+00   3.0000000000000000e+00   2.7182136617761131e+02   2.7235589356148580e+02  -3.0050749163079447e+00   2.9707106781186548e+02   2.4707106781186548e+02  -3.1415926535897931e+00
   2.1024207575206897e+00   3.0000000000000000e+00   0.0000000000000000e+00   1.0000000000000000e+01   0.0000000000000000e+00   2.0693767299281358e+00   3.0000000000000000e+00   2.6164887364206419e+02   2.7094343057008797e+02  -3.0010715326742230e+00   2.8707106781186548e+02   2.4707106781186548e+02  -3.1415926535897931e+00
   3.8876023734325953e+00   4.0000000000000000e+00   0.0000000000000000e+00   1.0000000000000000e+01   0.0000000000000000e+00   3.1303428175017305e+00   4.0000000000000000e+00   2.5162426481757186e+02   2.6964429680953253e+02  -3.0249716743794632e+00   2.7707106781186548e+02   2.4707106781186548e+02  -3.1415926535897931e+00
   3.3283049992684397e+00   4.0000000000000000e+00   0.0000000000000000e+00   1.0000000000000000e+01   0.0000000000000000e+00   3.0955008683061718e+00   4.0000000000000000e+00   2.4256895985877460e+02   2.6834209377699045e+02  -2.9885844738781295e+00   2.6707106781186548e+02   2.4707106781186548e+02  -3.1415926535897931e+00
  -2.2856456995103698e+00   5.0000000000000000e+00   0.0000000000000000e+00   1.0000000000000000e+01   0.0000000000000000e+00  -2.0771138920030729e+00   5.0000000000000000e+00   2.3307090562365934e+02   2.6685073302717200e+02  -2.9764362933482102e+00   2.5707106781186548e+02   2.4707106781186548e+02  -3.1415926535897931e+00
  -2.8042133156530484e+00   5.0000000000000000e+00   0.0000000000000000e+00   1.0000000000000000e+01   0.0000000000000000e+00  -2.3602901662312870e+00   5.0000000000000000e+00   2.2347920724962447e+02   2.6516386348048729e+02  -2.9561791925024483e+00   2.4707106781186548e+02   2.4707106781186548e+02  -3.1415926535897931e+00
  -1.3009351753330958e-01   6.0000000000000000e+00   0.0000000000000000e+00   1.0000000000000000e+01   0.0000000000000000e+00  -3.1632752957464483e-01   6.0000000000000000e+00   2.1392690765830932e+02   2.6338638355329300e+02  -2.9725050303557952e+00   2.3707106781186548e+02   2.4707106781186548e+02  -3.1415926535897931e+00
  -5.6875823489496080e-01   6.0000000000000000e+00   0.0000000000000000e+00   1.0000000000000000e+01   0.0000000000000000e+00  -3.5126414617340807e-01   6.0000000000000000e+00   2.0355543479962404e+02   2.6171394336507058e+02  -2.9547317326984315e+00   2.2707106781186548e+02   2.4707106781186548e+02  -3.1415926535897931e+00
   1.4388830414486466e+00   1.0000000000000000e+00   0.0000000000000000e+00   1.0000000000000000e+01   0.0000000000000000e+00   7.9428351716579737e-01   1.0000000000000000e+00   1.9438591617260778e+02   2.5995144416646946e+02  -2.9533086629011662e+00   2.1707106781186548e+02   2.4707106781186548e+02  -3.1415926535897931e+00
   3.6784632030092235e-01   1.0000000000000000e+00   0.0000000000000000e+00   1.0000000000000000e+01   0.0000000000000000e+00   8.1975464035081247e-01   1.0000000000000000e+00   1.8452875048756536e+02   2.5810827519671926e+02  -2.9552867420922264e+00   2.0707106781186548e+02   2.4707106781186548e+02  -3.1415926535897931e+00
   2.2736159621967311e+00   2.0000000000000000e+00   0.0000000000000000e+00   1.0000000000000000e+01   0.0000000000000000e+00   1.6464542797418227e+00   2.0000000000000000e+00   1.7362150640499851e+02   2.5609154822213895e+02  -2.9563295642580063e+00   1.9707106781186548e+02   2.4707106781186548e+02  -3.1415926535897931e+00
   1.4962258748913153e+00   2.0000000000000000e+00   0.0000000000000000e+00   1.0000000000000000e+01   0.0000000000000000e+00   1.6706158769117798e+00   2.0000000000000000e+00   1.6355887837340921e+02   2.5415706122012040e+02  -2.9420546480650933e+00   1.8707106781186548e+02   2.4707106781186548e+02  -3.1415926535897931e+00
   1.6577178714999752e+00   3.0000000000000000e+00   0.0000000000000000e+00   1.0000000000000000e+01   0.0000000000000000e+00   2.2607011055396828e+00   3.0000000000000000e+00   1.5307060633631767e+02   2.5201330515617059e+02  -2.9433978362822475e+00   1.7707106781186548e+02   2.4707106781186548e+02  -3.1415926535897931e+00
   1.6744827349540918e+00   3.0000000000000000e+00   0.0000000000000000e+00   1.0000000000000000e+01   0.0000000000000000e+00   2.2795722469051212e+00   3.0000000000000000e+00   1.4229781791495134e+02   2.4973124269332700e+02  -2.9411906546858231e+00   1.6707106781186548e+02   2.4707106781186548e+02  -3.1415926535897931e+00
   2.8395047522350976e+00   4.0000000000000000e+00   0.0000000000000000e+00   1.0000000000000000e+01   0.0000000000000000e+00   3.0863994371388470e+00   4.0000000000000000e+00   1.3276771347834955e+02   2.4782402093283542e+02  -2.9534164920158132e+00   1.5707106781186548e+02   2.4707106781186548e+02  -3.1415926535897931e+00
   2.6481552299191011e+00   4.0000000000000000e+00   0.0000000000000000e+00   1.0000000000000000e+01   0.0000000000000000e+00   3.0791115472008692e+00   4.0000000000000000e+00   1.2277883613456660e+02   2.4585199523308862e+02  -2.9442931558176726e+00   1.4707106781186548e+02   2.4707106781186548e+02  -3.1415926535897931e+00
  -2.6464046179334444e+00   5.0000000000000000e+00   0.0000000000000000e+00   1.0000000000000000e+01   0.0000000000000000e+00  -2.9764255697178141e+00   5.0000000000000000e+00   1.1434556558150540e+02   2.4409077822064197e+02  -2.9477225600707708e+00   1.3707106781186548e+02   2.4707106781186548e+02  -3.1415926535897931e+00
  -2.6892142296807684e+00   5.0000000000000000e+00   0.0000000000000000e+00   1.0000000000000000e+01   0.0000000000000000e+00  -2.9680601422031607e+00   5.0000000000000000e+00   1.0472493203538193e+02   2.4228705169772709e+02  -2.9676754024795575e+00   1.2707106781186548e+02   2.4707106781186548e+02  -3.1415926535897931e+00
  -1.4742776350215052e+00   6.0000000000000000e+00   0.0000000000000000e+00   1.0000000000000000e+01   0.0000000000000000e+00  -8.0982120911511757e-01   6.0000000000000000e+00   9.4500592518675290e+01   2.4036294497946878e+02  -2.9441996066027274e+00   1.1707106781186548e+02   2.4707106781186548e+02  -3.1415926535897931e+00
  -6.3186270455184790e-01   6.0000000000000000e+00   0.0000000000000000e+00   1.0000000000000000e+01   0.0000000000000000e+00  -8.7354086271018705e-01   6.0000000000000000e+00   8.5031591474497475e+01   2.3847505912931030e+02  -2.9643114929758134e+00   1.0707106781186548e+02   2.4707106781186548e+02  -3.1415926535897931e+00
   1.3390337420187133e+00   1.0000000000000000e+00   0.0000000000000000e+00   1.0000000000000000e+01   0.0000000000000000e+00   1.1769434651793997e+00   1.0000000000000000e+00   7.5391671022216755e+01   2.3680864071263858e+02  -2.9735101023188788e+00   9.7071067811865476e+01   2.4707106781186548e+02  -3.1415926535897931e+00
   9.3167045549277283e-01   1.0000000000000000e+00   0.0000000000000000e+00   1.0000000000000000e+01   0.0000000000000000e+00   1.2048314854811435e+00   1.0000000000000000e+00   6.5892378389582092e+01   2.3506089834464649e+02  -2.9643372821215213e+00   8.7071067811865476e+01   2.4707106781186548e+02  -3.1415926535897931e+00
   3.9698352741604404e-01   2.0000000000000000e+00   7.8539816339744828e-01   1.0000000000000000e+01   7.8539816339744828e-01   5.4150457923108974e-01   2.0000000000000000e+00   6.0036005212878806e+01   2.2723448592963649e+02  -1.4370867788729189e+00   8.0000000000000000e+01   2.4000000000000000e+02  -1.5707963267948966e+00
   4.3269730262549422e-01   2.0000000000000000e+00   0.0000000000000000e+00   1.0000000000000000e+01   0.0000000000000000e+00   5.6271026846711070e-01   2.0000000000000000e+00   6.1261580441770413e+01   2.1746779351879584e+02  -1.4400852536661459e+00   8.0000000000000000e+01   2.3000000000000000e+02  -1.5707963267948966e+00
   1.1865158182679094e+00   3.0000000000000000e+00   0.0000000000000000e+00   1.0000000000000000e+01   0.0000000000000000e+00   9.8389618188193662e-01   3.0000000000000000e+00   6.2359673075513037e+01   2.0871443992014005e+02  -1.4641646705529443e+00   8.0000000000000000e+01   2.2000000000000000e+02  -1.5707963267948966e+00
   3.3241462203869321e-01   3.0000000000000000e+00   0.0000000000000000e+00   1.0000000000000000e+01   0.0000000000000000e+00   1.0202347160280913e+00   3.0000000000000000e+00   6.3424438716091693e+01   1.9830798684307499e+02  -1.4809152069940479e+00   8.0000000000000000e+01   2.1000000000000000e+02  -1.5707963267948966e+00
   1.6575773690769922e+00   4.0000000000000000e+00   0.0000000000000000e+00   1.0000000000000000e+01   0.0000000000000000e+00   1.7164550166191461e+00   4.0000000000000000e+00   6.4270533811135337e+01   1.8944309656105941e+02  -1.4647027790440663e+00   8.0000000000000000e+01   2.0000000000000000e+02  -1.5707963267948966e+00
   1.8556673854327925e+00   4.0000000000000000e+00   0.0000000000000000e+00   1.0000000000000000e+01   0.0000000000000000e+00   1.7315522564713730e+00   4.0000000000000000e+00   6.5381415956057182e+01   1.7909848878811917e+02  -1.4548898082580703e+00   8.0000000000000000e+01   1.9000000000000000e+02  -1.5707963267948966e+00
   2.6840801536664682e+00   5.0000000000000000e+00   0.0000000000000000e+00   1.0000000000000000e+01   0.0000000000000000e+00   2.0594159817218727e+00   5.0000000000000000e+00   6.6697795656778268e+01   1.6838143620104904e+02  -1.4452259409437058e+00   8.0000000000000000e+01   1.8000000000000000e+02  -1.5707963267948966e+00
   2.1363584355567502e+00   5.0000000000000000e+00   0.0000000000000000e+00   1.0000000000000000e+01   0.0000000000000000e+00   2.0975824936648504e+00   5.0000000000000000e+00   6.7859473044660405e+01   1.5889740593237815e+02  -1.4449666908019019e+00   8.0000000000000000e+01   1.7000000000000000e+02  -1.5707963267948966e+00
  -3.2188627420521305e+00   6.0000000000000000e+00   0.0000000000000000e+00   1.0000000000000000e+01   0.0000000000000000e+00  -2.9493682276372613e+00   6.0000000000000000e+00   6.9202058076057284e+01   1.4854802389126800e+02  -1.4388583780190993e+00   8.0000000000000000e+01   1.6000000000000000e+02  -1.5707963267948966e+00
  -2.8090321141223713e+00   6.0000000000000000e+00   0.0000000000000000e+00   1.0000000000000000e+01   0.0000000000000000e+00  -2.9589204956755246e+00   6.0000000000000000e+00   7.0437414242057542e+01   1.3895595684240513e+02  -1.4410217983042355e+00   8.0000000000000000e+01   1.5000000000000000e+02  -1.5707963267948966e+00
  -7.4524978181713042e-01   1.0000000000000000e+00   0.0000000000000000e+00   1.0000000000000000e+01   0.0000000000000000e+00  -4.9084933642883666e-01   1.0000000000000000e+00   7.1711162309009310e+01   1.2915623129294929e+02  -1.4540875154606727e+00   8.0000000000000000e+01   1.4000000000000000e+02  -1.5707963267948966e+00
  -5.5939800447512000e-01   1.0000000000000000e+00   0.0000000000000000e+00   1.0000000000000000e+01   0.0000000000000000e+00  -5.2806101954753193e-01   1.0000000000000000e+00   7.2869871837146533e+01   1.1924315085013691e+02  -1.4530391250531851e+00   8.0000000000000000e+01   1.3000000000000000e+02  -1.5707963267948966e+00
   8.9903133273661240e-01   2.0000000000000000e+00   0.0000000000000000e+00   1.0000000000000000e+01   0.0000000000000000e+00   9.0457668661151169e-01   2.0000000000000000e+00   7.3933608335712790e+01   1.0860648204429262e+02  -1.4782842234129445e+00   8.0000000000000000e+01   1.2000000000000000e+02  -1.5707963267948966e+00
   9.9096086628167002e-01   2.0000000000000000e+00   0.0000000000000000e+00   1.0000000000000000e+01   0.0000000000000000e+00   9.4219525828675155e-01   2.0000000000000000e+00   7.4914002060475198e+01   9.9016564413202531e+01  -1.4771620244864516e+00   8.0000000000000000e+01   1.1000000000000000e+02  -1.5707963267948966e+00
   1.0025726724569231e+00   3.0000000000000000e+00   0.0000000000000000e+00   1.0000000000000000e+01   0.0000000000000000e+00   1.2390717525805774e+00   3.0000000000000000e+00   7.5862477529995559e+01   8.9798398848504704e+01  -1.4669959135696724e+00   8.0000000000000000e+01   1.0000000000000000e+02  -1.5707963267948966e+00
   1.9917427322209493e+00   3.0000000000000000e+00   0.0000000000000000e+00   1.0000000000000000e+01   0.0000000000000000e+00   1.2525691284575931e+00   3.0000000000000000e+00   7.7035912982890807e+01   8.0064088434556879e+01  -1.4571074424499073e+00   8.0000000000000000e+01   9.0000000000000000e+01  -1.5707963267948966e+00
   1.9344057188416781e+00   4.0000000000000000e+00   0.0000000000000000e+00   1.0000000000000000e+01   0.0000000000000000e+00   1.9707796848095127e+00   4.0000000000000000e+00   7.8246826675849192e+01   6.9875967848876201e+01  -1.4472068665774263e+00   8.0000000000000000e+01   8.0000000000000000e+01  -1.5707963267948966e+00
   2.2741436836343194e+00   4.0000000000000000e+00   0.0000000000000000e+00   1.0000000000000000e+01   0.0000000000000000e+00   1.9969139572062899e+00   4.0000000000000000e+00   7.9559176218564360e+01   6.0247607723096152e+01  -1.4532639935041189e+00   8.0000000000000000e+01   7.0000000000000000e+01  -1.5707963267948966e+00
   2.1792861802823800e+00   5.0000000000000000e+00   0.0000000000000000e+00   1.0000000000000000e+01   0.0000000000000000e+00   2.4189016628454039e+00   5.0000000000000000e+00   8.0753294124364402e+01   4.9912803871657516e+01  -1.4356938537487578e+00   8.0000000000000000e+01   6.0000000000000000e+01  -1.5707963267948966e+00
   2.8859116742357194e+00   5.0000000000000000e+00   0.0000000000000000e+00   1.0000000000000000e+01   0.0000000000000000e+00   2.4428639712001914e+00   5.0000000000000000e+00   8.2127729852939780e+01   3.9454758566950332e+01  -1.4364305657575411e+00   8.0000000000000000e+01   5.0000000000000000e+01  -1.5707963267948966e+00
   1.1861709463568939e+00   6.0000000000000000e+00   7.8539816339744828e-01   0.0000000000000000e+00   7.8539816339744828e-01   1.7462907961883989e+00   6.0000000000000000e+00   8.2119786863443281e+01   3.9461058813475148e+01   6.1960787029831543e-02   8.0000000000000000e+01   5.0000000000000000e+01   0.0000000000000000e+00
   1.6027093756676087e+00   6.0000000000000000e+00   0.0000000000000000e+00   1.0000000000000000e+01   0.0000000000000000e+00   1.7903111203263993e+00   6.0000000000000000e+00   9.1918236337768263e+01   4.0133480351010093e+01   5.4949839474155500e-02   9.0000000000000000e+01   5.0000000000000000e+01   0.0000000000000000e+00
  -3.1593156248727357e+00   1.0000000000000000e+00   0.0000000000000000e+00   1.0000000000000000e+01   0.0000000000000000e+00  -2.7222087461336253e+00   1.0000000000000000e+00   1.0218444004976664e+02   4.0559685543304447e+01   4.3943051956830882e-02   1.0000000000000000e+02   5.0000000000000000e+01   0.0000000000000000e+00
  -2.7065278530213481e+00   1.0000000000000000e+00   0.0000000000000000e+00   1.0000000000000000e+01   0.0000000000000000e+00  -2.7411001105768378e+00   1.0000000000000000e+00   1.1327460135035538e+02   4.0895034176293585e+01   1.6682447190341787e-02   1.1000000000000000e+02   5.0000000000000000e+01   0.0000000000000000e+00
  -1.3150052775497004e-01   2.0000000000000000e+00   0.0000000000000000e+00   1.0000000000000000e+01   0.0000000000000000e+00  -3.3919990428630781e-01   2.0000000000000000e+00   1.2391506278151537e+02   4.1081965946568367e+01   4.3954986861043498e-03   1.2000000000000000e+02   5.0000000000000000e+01   0.0000000000000000e+00
  -2.3195662541776482e-01   2.0000000000000000e+00   0.0000000000000000e+00   1.0000000000000000e+01   0.0000000000000000e+00  -3.6876906193563519e-01   2.0000000000000000e+00   1.3422259813171951e+02   4.1170978254039994e+01   3.8754859609212823e-03   1.3000000000000000e+02   5.0000000000000000e+01   0.0000000000000000e+00
  -8.1288837879361941e-01   3.0000000000000000e+00   0.0000000000000000e+00   1.0000000000000000e+01   0.0000000000000000e+00  -1.3759799809802159e-01   3.0000000000000000e+00   1.4398874680452533e+02   4.1247175976406822e+01   9.0144407372188574e-03   1.4000000000000000e+02   5.0000000000000000e+01   0.0000000000000000e+00
   1.9720401461490075e-01   3.0000000000000000e+00   0.0000000000000000e+00   1.0000000000000000e+01   0.0000000000000000e+00  -1.3126848754677847e-01   3.0000000000000000e+00   1.5396963642212620e+02   4.1227910239580481e+01  -1.3589101946813039e-03   1.5000000000000000e+02   5.0000000000000000e+01   0.0000000000000000e+00
   5.8430931981990453e-01   4.0000000000000000e+00   0.0000000000000000e+00   1.0000000000000000e+01   0.0000000000000000e+00   6.7526191832385107e-01   4.0000000000000000e+00   1.6368600788060536e+02   4.1261727999416344e+01   2.2053652478843597e-02   1.6000000000000000e+02   5.0000000000000000e+01   0.0000000000000000e+00
   2.5635959884864545e-01   4.0000000000000000e+00   0.0000000000000000e+00   1.0000000000000000e+01   0.0000000000000000e+00   6.6323582014719429e-01   4.0000000000000000e+00   1.7379759200480066e+02   4.1682727612279955e+01   5.0213135268196263e-02   1.7000000000000000e+02   5.0000000000000000e+01   0.0000000000000000e+00
   1.2899926035736256e+00   5.0000000000000000e+00   0.0000000000000000e+00   1.0000000000000000e+01   0.0000000000000000e+00   1.2860749909832347e+00   5.0000000000000000e+00   1.8361316850942151e+02   4.2071945089829434e+01   5.5222717262567000e-02   1.8000000000000000e+02   5.0000000000000000e+01   0.0000000000000000e+00
