   1.8999961476496614e+02   4.9998190886374545e+01  -2.7665143338446296e-04
   1.9996311851547364e+02   4.9952029848877473e+01  -3.7515888900085566e-03
   2.0997172448576723e+02   4.9926308782362469e+01  -3.0939378668042522e-03
   2.1997166960019055e+02   4.9895161948690351e+01  -3.1030478062672351e-03
   2.2997368964686126e+02   4.9930380636584559e+01  -7.4428187197019815e-04
   2.3997475631013046e+02   4.9908892415807578e+01  -1.1728120150887712e-03
   2.4997681586661528e+02   4.9866852983485472e+01  -1.9725993109174270e-03
   2.5995272065937405e+02   5.0047202592832363e+01   2.8304254729160237e-03
   2.6991980937354606e+02   5.0375602417449251e+01   9.3102185401049559e-03
   2.7988460023184632e+02   5.1116424586552434e+01   2.2451023908419784e-02
   2.8986056573599257e+02   5.1754725312751262e+01   3.0169132904671041e-02
   2.9985909783188811e+02   5.2313391385693080e+01   3.4833231919586517e-02
   3.0985219639564320e+02   5.2500185817383375e+01   3.2098311823917251e-02
   3.1988915294599690e+02   5.2879101229830091e+01   3.4218149724701184e-02
   3.2988540256764628e+02   5.3224750374527758e+01   3.4344326386134674e-02
   3.3988960979070242e+02   5.4552161376856304e+01   4.5188911816022720e-02
   3.4989522043078267e+02   5.6694125722165516e+01   6.2690094212856123e-02
   3.5992821674834852e+02   5.6650089069624528e+01   5.5415467618269973e-02
   3.6991104936424335e+02   5.7226649537315282e+01   5.5650653943768676e-02
   3.7653216597293448e+02   6.4883968733106173e+01   1.6313682971145134e+00
   3.7611828457683680e+02   7.4466900404210961e+01   1.6211591407845980e+00
   3.7548763791916844e+02   8.4630788902213823e+01   1.6260226589508022e+00
   3.7428850284811955e+02   9.5248552054914626e+01   1.6445015336144237e+00
   3.7393156695573481e+02   1.0496515471888335e+02   1.6353284630049540e+00
   3.7453735940967249e+02   1.1428311933656761e+02   1.6100539836034147e+00
   3.7446464844357718e+02   1.2424464595925723e+02   1.6036611794516573e+00
   3.7335076559293435e+02   1.3430642621070601e+02   1.6174702633340305e+00
   3.7176347747915378e+02   1.4517434028019204e+02   1.6336708786943215e+00
   3.7159251370896970e+02   1.5484864751571220e+02   1.6276232303555835e+00
   3.6987595726307336e+02   1.6538983914040926e+02   1.6392975147241757e+00
   3.6350698035580075e+02   1.7788688917913001e+02   1.6928893996364356e+00
   3.6160609903467218e+02   1.8785794369822838e+02   1.6993280754598785e+00
   3.6216364847312343e+02   1.9771017101715998e+02   1.6829250971662169e+00
   3.6315113111593860e+02   2.0751163331451971e+02   1.6638933671425782e+00
   3.6746230323451186e+02   2.1721852583277328e+02   1.6186010624185665e+00
   3.6630856846288873e+02   2.2722216740245187e+02   1.6247438074787284e+00
   3.6649251468429401e+02   2.3719698926696452e+02   1.6183998540336066e+00
   3.6513487568352161e+02   2.4708592522685589e+02   1.6280918550733723e+00
   3.6503951160822066e+02   2.5711983099717588e+02   1.6230018694083495e+00
   3.6565791823288214e+02   2.5697915500963177e+02  -3.1018385400504291e+00
   3.5535639630512361e+02   2.5659349760268282e+02  -3.0954501124312062e+00
   3.4249638282356403e+02   2.5674870769863941e+02  -3.0708290321354501e+00
   3.3001658608819417e+02   2.5636520111338024e+02  -3.0483174062287404e+00
   3.2270577994197396e+02   2.5696901138630426e+02  -3.0766835635536252e+00
   3.1184427579604369e+02   2.5573483702436951e+02  -3.0671880676333658e+00
   3.0364677246218457e+02   2.5668369900458777e+02  -3.0969518677697065e+00
   2.9386920251242236e+02   2.5647772411763810e+02  -3.1006523193473998e+00
   2.8372436459948659e+02   2.5562180478422732e+02  -3.0943998003582553e+00
   2.7441870839701414e+02   2.5753982939472496e+02  -3.1248087438050725e+00
   2.6441265793170612e+02   2.5740759764548903e+02  -3.1252471320231665e+00
   2.5446350190004836e+02   2.5699951537388824e+02  -3.1224122363118378e+00
   2.4454958490405184e+02   2.5729092573595290e+02  -3.1293124144904607e+00
   2.3460053019398515e+02   2.5747941923908581e+02  -3.1334219701091155e+00
   2.2387661669443176e+02   2.5690698717836949e+02  -3.1235780162516757e+00
   2.1438691022252564e+02   2.5714707296450825e+02  -3.1309510647823400e+00
   1.9963437031137485e+02   2.5971233073961952e+02  -3.1300413548163464e+00
   1.8870872088995284e+02   2.6087646946396126e+02  -3.1324941919117051e+00
   1.8056899347817500e+02   2.6568497777699190e+02  -3.1657496943738641e+00
   1.7115392739944295e+02   2.6758853713331820e+02   3.1066625983211145e+00
   1.6115118382875195e+02   2.6657677943676816e+02   3.1167604709124026e+00
   1.5115167925698609e+02   2.6784021787275344e+02   3.1094498135542752e+00
   1.4162398262019590e+02   2.6665189052201765e+02   3.1237753135506847e+00
   1.3210292770356295e+02   2.6524096606423728e+02   3.1386476329896893e+00
   1.2211152000440190e+02   2.6550797936734153e+02   3.1364182169941337e+00
   1.1213043906409010e+02   2.6608365882347488e+02   3.1316569818579834e+00
   1.0180961679713579e+02   2.6523850541547188e+02   3.1419425744287701e+00
   9.2143129536663750e+01   2.6632476088955161e+02  -3.1525977773218123e+00
   8.2108011259369974e+01   2.6522218642965902e+02   3.1300442023520914e+00
   7.2099717081494305e+01   2.6505835550348132e+02   3.1297838509338356e+00
   6.3911940049395902e+01   2.5484140776494246e+02  -1.5669787567399316e+00
   6.6621771218603953e+01   2.5209679782732456e+02  -1.6039526173484560e+00
   6.8941490347084269e+01   2.3955113885601725e+02  -1.5652686740326733e+00
   6.8016441339270941e+01   2.3038984238670719e+02  -1.5781001573945834e+00
   6.7555626964363100e+01   2.2044669134036792e+02  -1.5831799336644325e+00
   6.8654941542695312e+01   2.1030962491404330e+02  -1.5684576089370579e+00
   7.0441752402827973e+01   2.0000558654272857e+02  -1.5435156940497456e+00
   7.0249180689032599e+01   1.9007349488552185e+02  -1.5495212282979753e+00
   7.0416189346944421e+01   1.8007311346469146e+02  -1.5502558965006901e+00
   7.0430851859421054e+01   1.7006507898665967e+02  -1.5530396154609527e+00
   7.0187751924478420e+01   1.5872955274497298e+02  -1.5709759574497866e+00
   7.0346243074143331e+01   1.4910508605506425e+02  -1.5653870596152875e+00
   7.0684943277100430e+01   1.3984557017301023e+02  -1.5720528475184667e+00
   7.0812443407930573e+01   1.3026037928897918e+02  -1.5761424053001423e+00
   6.5190477454152941e+01   1.2282480814765479e+02  -1.6101865872785737e+00
   6.3537671505454220e+01   1.1336879457404864e+02  -1.6175678806719986e+00
   6.5401574389997279e+01   1.0415053509668816e+02  -1.6009200261325875e+00
   6.6920931298323111e+01   9.4769606485414329e+01  -1.5881959665722936e+00
   6.7241917761342663e+01   8.4834818392485843e+01  -1.5841890757730883e+00
   6.7714608384289363e+01   7.4912432424220441e+01  -1.5794114210740511e+00
   6.7273503702427547e+01   7.4828573053013073e+01  -1.7205025017702644e-02
   7.7669617164058380e+01   7.4810480081876051e+01  -9.1893953384026249e-03
   8.7647826744284274e+01   7.4525604009882798e+01  -1.3557576672522081e-02
   9.7597633650848749e+01   7.3625512013343538e+01  -2.8526474871264602e-02
   1.0769065143265158e+02   7.3431743529204823e+01  -3.9211541589883450e-02
   1.1763678395949148e+02   7.3027557957078656e+01  -3.1946381009858416e-02
   1.2781781946972953e+02   7.2634133044321558e+01  -3.0681414986673580e-02
   1.3763585771534065e+02   7.2391802547523952e+01  -3.1934937092971162e-02
   1.4736147774372301e+02   7.1789967158082092e+01  -3.4503081152947132e-02
   1.6048359449017073e+02   7.4801542248061139e+01  -5.2625546445964205e-03
   1.7227384583189783e+02   7.8239013927129363e+01   2.9217895675793616e-02
   1.8431731863058025e+02   8.2824250743600402e+01   6.9102552919775462e-02
   1.9428572680311973e+02   8.2582819639215018e+01   6.0648563021597698e-02
   2.0426895698587964e+02   8.2907594879747492e+01   5.8218008990335288e-02
   2.1589313387861051e+02   8.1292861891407313e+01   3.6856023051434414e-02
   2.2562598056587652e+02   8.2013523342312624e+01   4.0288388604895413e-02
   2.3550784002226371e+02   8.2587732085366568e+01   4.5648828260798663e-02
   2.4557106893370133e+02   8.2892858524035134e+01   4.1676091565560403e-02
   2.5407942694963364e+02   8.3356709160164783e+01   2.4898548159134178e-02
   2.6473804527616323e+02   8.3648508932750303e+01   3.2891000310926233e-02
   2.7211457149508527e+02   8.3682093464045366e+01   2.2843441671466416e-02
   2.8386441082294112e+02   8.3921201578716762e+01   2.9122195730672693e-02
   2.9562386179245271e+02   9.1556351464443253e+01   6.7831676007314518e-02
   3.0639726065353449e+02   9.5490632334283532e+01   8.4657636063072292e-02
   3.1668778041502549e+02   9.4665106646881597e+01   7.5026543650398458e-02
   3.2619031227654756e+02   9.7737128292833390e+01   8.8240914250029945e-02
   3.3521500212450991e+02   9.9085635893679239e+01   9.6844251359538808e-02
   3.4470405577358184e+02   1.0027670819696436e+02   1.0123102335311014e-01
   3.5480625177845116e+02   1.0088366370834476e+02   9.4472535719095405e-02
   3.6482204732008370e+02   1.0164545227624792e+02   9.1678279972851079e-02
   3.7116671908637278e+02   1.0922239612074419e+02   1.6581675435606267e+00
   3.7023143293139162e+02   1.1849782326493036e+02   1.6307501400933830e+00
   3.7090381807839861e+02   1.2734353997288093e+02   1.6546252306916376e+00
   3.6995091631874868e+02   1.3741437618096157e+02   1.6519059751619001e+00
   3.6891217747672420e+02   1.4423361524882304e+02   1.6322302246723417e+00
   3.6825776986450506e+02   1.5219901775403670e+02   1.6192625082404963e+00
   3.6575137744779346e+02   1.6492212018741378e+02   1.6400998610956328e+00
   3.6599511990266819e+02   1.7368444117244397e+02   1.6310000586659188e+00
   3.6929661291554504e+02   1.8581336995769362e+02   1.6007586964571254e+00
   3.6816114564244174e+02   1.9529256209470321e+02   1.6071110492945471e+00
   3.6733329875521741e+02   2.0519726006752677e+02   1.6123173891007985e+00
   3.6525178617026313e+02   2.1486688510744355e+02   1.6299505534055199e+00
   3.6562289216468065e+02   2.2496109830451633e+02   1.6148746643196339e+00
   3.6524661596958117e+02   2.3495754634535433e+02   1.6139543757337109e+00
   3.6467501236741469e+02   2.4476233307634305e+02   1.6242006961375790e+00
   3.6421446355460472e+02   2.5479867934492992e+02   1.6208438703509811e+00
   3.6405704404294602e+02   2.6404728382501361e+02   1.6137884091783878e+00
   3.6311117984784477e+02   2.7496230691801310e+02   1.6231802731229645e+00
   3.6770996221572392e+02   2.7791843954708168e+02   1.5895389869146206e+00
   3.6215312210800892e+02   2.9528837185042471e+02   1.6239161888744333e+00
   3.6060105724967462e+02   2.9235912908367050e+02  -3.0660873967898379e+00
   3.4966658750436170e+02   2.8980408702055928e+02  -3.0527515187933534e+00
   3.4042033454063920e+02   2.8924819371181792e+02  -3.0617120386254233e+00
   3.3214480345180363e+02   2.8945553988634504e+02  -3.0836975670739721e+00
   3.2324924230034145e+02   2.8996301971197187e+02  -3.1117991143839951e+00
   3.1413204017810625e+02   2.9078891968359090e+02  -3.1357810412547868e+00
   3.0405564163777046e+02   2.9099094709921417e+02  -3.1417795386242742e+00
   2.9398234692045332e+02   2.9126503493233372e+02   3.1359110912371428e+00
   2.8375084294144904e+02   2.9105761958757137e+02   3.1556296566457696e+00
   2.7373615081991960e+02   2.9088997366843586e+02  -3.1262773145203568e+00
   2.6628879243654205e+02   2.8929199343574976e+02  -3.1557787690626382e+00
   2.5678793663302304e+02   2.8920383913398507e+02   3.1214834348517226e+00
   2.4067988599813381e+02   2.8193878710297236e+02   3.1598224884694823e+00
   2.2629423527716770e+02   2.8413745853403753e+02  -3.1206147196847471e+00
   2.1633353379274701e+02   2.8385547665642235e+02  -3.1180396474804914e+00
   2.0661323215199465e+02   2.8289156655406066e+02  -3.0981778894982797e+00
   1.9626244844292788e+02   2.8322820816748833e+02  -3.1155480603902457e+00
   1.8676209252517270e+02   2.8169339587473337e+02  -3.0911580032383910e+00
   1.7639757527703301e+02   2.8222420806240967e+02  -3.1091842636081508e+00
   1.6661252906312774e+02   2.8123092503941962e+02  -3.0987672524416414e+00
   1.5682995752169785e+02   2.7932907457324694e+02  -3.0762327842175594e+00
   1.4705502408771889e+02   2.7710261996849891e+02  -3.0543081439707560e+00
   1.3706014895562447e+02   2.7571734242032323e+02  -3.0468320102212711e+00
   1.2706277955422625e+02   2.7381413163142980e+02  -3.0339931260526782e+00
   1.1746314963982883e+02   2.7269647083515986e+02  -3.0387163470982479e+00
   1.0779395116612470e+02   2.7167142737257524e+02  -3.0432141916205766e+00
   9.8766052420044900e+01   2.6005786427561065e+02  -2.9564919541756050e+00
   8.8931443689358588e+01   2.5834442895052979e+02  -2.9574966985987921e+00
   7.8888096278457169e+01   2.5727013015884233e+02  -2.9637926576983431e+00
   6.9385581209996332e+01   2.5427310266848642e+02  -2.9538812999932555e+00
   6.3799464975481392e+01   2.4588654734168534e+02  -1.3809262012483776e+00
   6.5714009517343356e+01   2.3601601761688369e+02  -1.3799534026756948e+00
   6.7116018898158515e+01   2.2694055656129049e+02  -1.3962345427534770e+00
   6.9936834380085301e+01   2.1591786598876431e+02  -1.3683994434593767e+00
   7.1821815233948769e+01   2.0621570670558998e+02  -1.3716564786051682e+00
   7.3300858484007904e+01   1.9668891724832869e+02  -1.3824151611494886e+00
   7.4466302092271079e+01   1.8641849059219089e+02  -1.4065111968335142e+00
   7.5958486954542906e+01   1.7647887537439499e+02  -1.4104385090963873e+00
   7.8025900003072408e+01   1.6597761255248523e+02  -1.3995268337934186e+00
   7.9585549794093396e+01   1.5627469390546105e+02  -1.4024425868167558e+00
   8.3008542653209716e+01   1.4554106081002013e+02  -1.3875415971931815e+00
   8.4246054656238442e+01   1.3597664383575992e+02  -1.3922253694341979e+00
   8.4956713318411303e+01   1.2616307477107216e+02  -1.4020023068701082e+00
   8.5279016114714196e+01   1.1629658797381158e+02  -1.4138782922000026e+00
   8.7473552595927274e+01   1.0641346111739794e+02  -1.4081310506958660e+00
   8.5037268401807765e+01   9.6501177010747057e+01  -1.4434074327306605e+00
   8.6336582117457255e+01   8.6585240340657535e+01  -1.4431261619208751e+00
   8.6475472210836060e+01   7.6542174903431828e+01  -1.4537220988808977e+00
   8.8029267373653511e+01   6.6855659430327719e+01  -1.4479192009560722e+00
   8.8507957679926506e+01   5.6500971603167287e+01  -1.4585243499099609e+00
   8.9204500871398068e+01   5.6390472287861648e+01   1.3657312388910187e-01
   9.9303539157214416e+01   5.7774468858130433e+01   1.4332818475169323e-01
   1.1472820856082369e+02   5.7650584837760185e+01   1.8060819017134705e-01
   1.2372448249107620e+02   5.9640695802131290e+01   1.7458113056845748e-01
   1.2974076989096159e+02   5.8650135611191033e+01   1.3082999069251572e-01
   1.3696462031713179e+02   5.7749873905931430e+01   9.9344926043964721e-02
   1.4846563488417524e+02   6.0687142823514392e+01   1.2824787963557738e-01
   1.5691569115018299e+02   5.9834770602167069e+01   9.9812344264499100e-02
   1.6685035991726110e+02   6.0748591100200322e+01   9.8825454278997374e-02
   1.7700547433342274e+02   6.3086316326165473e+01   1.1373337603863416e-01
   1.8704607327684749e+02   6.3958168980037776e+01   1.1106253827076874e-01
