   1.8999996580385562e+02   4.9998806994255773e+01  -1.8157679301537908e-04
   1.9995881775601475e+02   4.9967003896356367e+01  -3.0385757607861931e-03
   2.0997245182353117e+02   4.9944307091044578e+01  -2.5793491029878915e-03
   2.1996653913083259e+02   4.9918274361294017e+01  -2.6158071791328287e-03
   2.2996563030181147e+02   4.9944563424631070e+01  -6.3296777298675730e-04
   2.3996274452133815e+02   4.9926475397256311e+01  -9.7097984416006690e-04
   2.4995632693298057e+02   4.9889991680855154e+01  -1.6681113781540666e-03
   2.5992002383577665e+02   5.0050087988016607e+01   2.7643828092571072e-03
   2.6987952867573352e+02   5.0347600520018709e+01   8.7654403801964240e-03
   2.7982941421867378e+02   5.1032191920387739e+01   2.1388101088880881e-02
   2.8978304740659360e+02   5.1637587096859832e+01   2.9077061912001757e-02
   2.9976864083313319e+02   5.2171337933331088e+01   3.3765333040327840e-02
   3.0975146058488360e+02   5.2356474764615250e+01   3.1139114294920708e-02
   3.1977043165623496e+02   5.2724695835265202e+01   3.3268006046774025e-02
   3.2975408435573479e+02   5.3062855617608903e+01   3.3580384635755703e-02
   3.3973648812519883e+02   5.4324177796070629e+01   4.4074910608192776e-02
   3.4969327544581125e+02   5.6348057124184493e+01   6.1108855319570207e-02
   3.5972779078174068e+02   5.6338071490878676e+01   5.4226593671735816e-02
   3.6969826250323013e+02   5.6903070439044718e+01   5.4457530752064068e-02
   3.7631182042290209e+02   6.4531928103648482e+01   1.6301699537102698e+00
   3.7591275279840403e+02   7.4104569452908123e+01   1.6201515163997615e+00
   3.7529679100077936e+02   8.4223360566434167e+01   1.6249000784733350e+00
   3.7410657227809742e+02   9.4782098809190686e+01   1.6434663836323062e+00
   3.7374875295283528e+02   1.0448778616681574e+02   1.6346770435648836e+00
   3.7437812959199016e+02   1.1379339216896203e+02   1.6093360848336324e+00
   3.7432388006215132e+02   1.2372339368870482e+02   1.6028079905319073e+00
   3.7321077759461195e+02   1.3378177047577765e+02   1.6166842237178589e+00
   3.7163184038421923e+02   1.4456390853394342e+02   1.6327959362112134e+00
   3.7143823267067091e+02   1.5425176104653553e+02   1.6272607602693974e+00
   3.6965965242527380e+02   1.6478268312677105e+02   1.6395979296246941e+00
   3.6339859731632339e+02   1.7694045639275640e+02   1.6919432617554597e+00
   3.6153993176616410e+02   1.8686375866665560e+02   1.6979741021289492e+00
   3.6214983103226137e+02   1.9677819588787682e+02   1.6813114529712920e+00
   3.6311257070398358e+02   2.0663546151765021e+02   1.6624201421071021e+00
   3.6735013389764765e+02   2.1636123003263484e+02   1.6180677948619568e+00
   3.6620717140058531e+02   2.2635915644099518e+02   1.6241453848453180e+00
   3.6639407201055633e+02   2.3630192785733880e+02   1.6176985127117050e+00
   3.6507841339278696e+02   2.4617191792679429e+02   1.6272519919822048e+00
   3.6498952227247952e+02   2.5618417102836349e+02   1.6220399918069617e+00
   3.6558582514547504e+02   2.5605390753746258e+02  -3.1026171413888637e+00
   3.5532631674307493e+02   2.5567547159534067e+02  -3.0961469096889900e+00
   3.4242270958255398e+02   2.5582045645518437e+02  -3.0708787478040631e+00
   3.3008090288292766e+02   2.5538004359304219e+02  -3.0488132399918504e+00
   3.2279794348200983e+02   2.5605694842812881e+02  -3.0779176876033332e+00
   3.1218207183262689e+02   2.5491292990062891e+02  -3.0699185804388480e+00
   3.0386932211296039e+02   2.5589256564040139e+02  -3.0991382899033728e+00
   2.9407316083887798e+02   2.5570955628708833e+02  -3.1026851273752976e+00
   2.8394517924097175e+02   2.5488295357772560e+02  -3.0964924829313039e+00
   2.7462500414979326e+02   2.5679281670130700e+02  -3.1266962778226257e+00
   2.6464598002053708e+02   2.5668220099822258e+02  -3.1270799291998288e+00
   2.5471474879222455e+02   2.5630595688335643e+02  -3.1242021994226321e+00
   2.4481926048832239e+02   2.5659382618884916e+02  -3.1307365192127912e+00
   2.3489816727036313e+02   2.5681273917434800e+02  -3.1349202237180727e+00
   2.2420060081402909e+02   2.5622696219841720e+02  -3.1250163420529100e+00
   2.1471124257260283e+02   2.5651275687999350e+02  -3.1322900198723591e+00
   2.0059289606535114e+02   2.5942271865735455e+02  -3.1347100542086159e+00
   1.8985363869011198e+02   2.6079575260900600e+02  -3.1385377906446337e+00
   1.8190847546864546e+02   2.6620083705460053e+02   3.1090758885036434e+00
   1.7254379838559817e+02   2.6823728247574689e+02   3.0984428706383662e+00
   1.6237647143675025e+02   2.6718612866132980e+02   3.1092143111720758e+00
   1.5250697832294236e+02   2.6862951313036876e+02   3.1014412942380867e+00
   1.4282333279491888e+02   2.6742241379043446e+02   3.1163307195901315e+00
   1.3315743993825203e+02   2.6595651483526291e+02   3.1317545170142260e+00
   1.2319271995534842e+02   2.6630390266654160e+02   3.1295251600967857e+00
   1.1326000348827725e+02   2.6695601923821903e+02   3.1249511138561097e+00
   1.0297002449929444e+02   2.6608431653738660e+02   3.1355735565709422e+00
   9.3318729625944513e+01   2.6731457837690647e+02   3.1241010153545119e+00
   8.3121419494659861e+01   2.6603309016076292e+02   3.1245544713677815e+00
   7.3089873623289492e+01   2.6585167908777373e+02   3.1246613542332078e+00
   6.4525250561071473e+01   2.5366748284592470e+02  -1.5644285375278146e+00
   6.7034681284343762e+01   2.5164321898007952e+02  -1.6025307055268125e+00
   6.8966445996854858e+01   2.3923989858243323e+02  -1.5643789524212695e+00
   6.8179006267697943e+01   2.3017211682508864e+02  -1.5774801950218289e+00
   6.7731874452095113e+01   2.2022219098745089e+02  -1.5825799906883264e+00
   6.8769795549312164e+01   2.1019535545141466e+02  -1.5679597479015996e+00
   7.0510535807034572e+01   1.9996014031740262e+02  -1.5429120330144714e+00
   7.0320844828820597e+01   1.9003250938443952e+02  -1.5490427515932323e+00
   7.0491301483029758e+01   1.8005886157144624e+02  -1.5497399952379081e+00
   7.0486743327773965e+01   1.7007844913914769e+02  -1.5527512763022520e+00
   6.9950094084831051e+01   1.5879219556862773e+02  -1.5708505953304324e+00
   7.0209592159301039e+01   1.4917902409238829e+02  -1.5649996089254870e+00
   7.0416974218068432e+01   1.4018998443843384e+02  -1.5723004087559527e+00
   7.0456547376458062e+01   1.3075247204683754e+02  -1.5766847229500600e+00
   6.5300622480520360e+01   1.2329502903460981e+02  -1.6106921911615484e+00
   6.3720752030032678e+01   1.1392677711442801e+02  -1.6182131698565854e+00
   6.5605972212284968e+01   1.0481546474155402e+02  -1.6015538508046130e+00
   6.7181950898567990e+01   9.5506786463896503e+01  -1.5886481736794815e+00
   6.7525769549506023e+01   8.5593350210366140e+01  -1.5846368304927196e+00
   6.8040377231578532e+01   7.5696463945527583e+01  -1.5795643117548204e+00
   6.7559396375947486e+01   7.5624930938553661e+01  -1.7239908110164653e-02
   7.7939639845231397e+01   7.5591425714879534e+01  -9.4430441894677239e-03
   8.7839644601102421e+01   7.5320257355623909e+01  -1.4010325920605997e-02
   9.7629513213075214e+01   7.4525766266103957e+01  -2.9069672993516957e-02
   1.0765882528025151e+02   7.4385501279003449e+01  -3.9782748065926458e-02
   1.1757242722982475e+02   7.3930846761255623e+01  -3.2477119802858750e-02
   1.2785087243467952e+02   7.3569912353354624e+01  -3.0410279082870320e-02
   1.3773632645529520e+02   7.3338866556609986e+01  -3.1235581934853724e-02
   1.4727707306272842e+02   7.2729440117320991e+01  -3.4224940296247688e-02
   1.6039880145477824e+02   7.5791265183767976e+01  -5.4753871260905486e-03
   1.7227173930671003e+02   7.9256647684074821e+01   2.9276800958686885e-02
   1.8433477598826670e+02   8.3970948136041685e+01   6.9548772949658000e-02
   1.9424577330043476e+02   8.3687124203903252e+01   6.0628556077388644e-02
   2.0418613899392938e+02   8.3971843059613207e+01   5.7944111806631025e-02
   2.1568039322687420e+02   8.2460463379437854e+01   3.5876672198945067e-02
   2.2541391724514912e+02   8.3141103841871271e+01   3.9472241419114359e-02
   2.3522578365774666e+02   8.3717006390089963e+01   4.4910564196016953e-02
   2.4528075701248190e+02   8.4013693214031846e+01   4.1014872294298087e-02
   2.5403217960681897e+02   8.4311727387617225e+01   2.4735558278938023e-02
   2.6456142826068844e+02   8.4681274932467190e+01   3.2473983002193958e-02
   2.7221135079687343e+02   8.4598940387919868e+01   2.3184004565623299e-02
   2.8391841240014105e+02   8.5134868065711686e+01   2.9923496213592065e-02
   2.9574097645641911e+02   9.2606911006871783e+01   6.7769916418091131e-02
   3.0650695568768975e+02   9.6465471333346514e+01   8.3976390742829476e-02
   3.1680669584583922e+02   9.5676909477313856e+01   7.4454286540917972e-02
   3.2626587919448815e+02   9.8610716295580772e+01   8.7261554144244247e-02
   3.3517979905410806e+02   9.9883705765489552e+01   9.6023531062259568e-02
   3.4459637356838107e+02   1.0105659398905887e+02   1.0052832790244996e-01
   3.5472396348612131e+02   1.0167654585923107e+02   9.3930778307742296e-02
   3.6472483285643858e+02   1.0242508691839285e+02   9.1292604290083873e-02
   3.7107236787809046e+02   1.0997121846753906e+02   1.6580454338021517e+00
   3.7027171329905281e+02   1.1918003011491685e+02   1.6312271589620970e+00
   3.7076083072750623e+02   1.2817221822940456e+02   1.6546854176642503e+00
   3.6983587826069197e+02   1.3820800743313788e+02   1.6519695731622885e+00
   3.6884174833497167e+02   1.4502772882336487e+02   1.6324881188145313e+00
   3.6820339264597590e+02   1.5291915997842909e+02   1.6192502013676155e+00
   3.6580936630139672e+02   1.6553143004387431e+02   1.6398032875769462e+00
   3.6606587631516055e+02   1.7416950898612313e+02   1.6304107928835929e+00
   3.6930598638308254e+02   1.8631469340661957e+02   1.6011203158427996e+00
   3.6818755035545797e+02   1.9572329204787133e+02   1.6072668850703815e+00
   3.6735758992696486e+02   2.0563028482667380e+02   1.6125018069252619e+00
   3.6527535114775407e+02   2.1530391887676737e+02   1.6298757442331047e+00
   3.6567429950501287e+02   2.2530901633348421e+02   1.6148327328994792e+00
   3.6530222468611584e+02   2.3527560992266510e+02   1.6139243021808245e+00
   3.6467848077525849e+02   2.4513742253627856e+02   1.6240470674594027e+00
   3.6424066345871381e+02   2.5512110197659734e+02   1.6204971565398720e+00
   3.6410375672581762e+02   2.6428739821389348e+02   1.6133675959076994e+00
   3.6314701403166538e+02   2.7524348149461321e+02   1.6229020440324182e+00
   3.6791622356558969e+02   2.7781847680681625e+02   1.5878988237777123e+00
   3.6215431337489053e+02   2.9562001863880141e+02   1.6243246779344307e+00
   3.6063209560232184e+02   2.9257256960404914e+02  -3.0656424846513244e+00
   3.4980233926735775e+02   2.8992196606967593e+02  -3.0525976780587194e+00
   3.4059275016660547e+02   2.8938333557930360e+02  -3.0615706352326804e+00
   3.3235783356740313e+02   2.8963822453511511e+02  -3.0835431581164237e+00
   3.2355769134054401e+02   2.9015192967604554e+02  -3.1115702104860001e+00
   3.1450522167495774e+02   2.9099181562603042e+02  -3.1353241399360283e+00
   3.0448109875210048e+02   2.9117709228576678e+02  -3.1413688381267688e+00
   2.9442481937960775e+02   2.9143548997610685e+02   3.1363763273109768e+00
   2.8432544199712942e+02   2.9132324478799433e+02  -3.1280741866161952e+00
   2.7435105159875428e+02   2.9117109833146668e+02  -3.1268656260001046e+00
   2.6658013223316374e+02   2.8948662990223329e+02   3.1281769531598220e+00
   2.5704478789753767e+02   2.8936000334988029e+02   3.1225403521040058e+00
   2.3248590861523405e+02   2.7873155702883355e+02  -3.0992013195943038e+00
   2.2175917359643944e+02   2.8024896754596091e+02  -3.1032952223272479e+00
   2.1179835648464126e+02   2.7986527649345794e+02  -3.1022066851678858e+00
   2.0090730422491657e+02   2.7693745153275188e+02  -3.0761502913389114e+00
   1.9096836906384706e+02   2.7799311023161425e+02  -3.0979477240964930e+00
   1.8102537657135048e+02   2.7518173633402125e+02  -3.0694909018849885e+00
   1.7057517349327307e+02   2.7562728864826624e+02  -3.0884837808485153e+00
   1.6090157486972234e+02   2.7437019965897122e+02  -3.0777450335200727e+00
   1.5127281657181925e+02   2.7206691631257371e+02  -3.0541585803384312e+00
   1.4170676796995991e+02   2.6945876892169099e+02  -3.0311738750319885e+00
   1.3184452531573004e+02   2.6786164382823051e+02  -3.0238009834939192e+00
   1.2204119568373159e+02   2.6574873152331890e+02  -3.0109821280388935e+00
   1.1185083034131834e+02   2.6317174158105081e+02  -3.0123385703418357e+00
   1.0171832238714056e+02   2.6077364378344549e+02  -3.0136526741278340e+00
   8.7863516679595392e+01   2.4258347615843661e+02  -2.9354137311442083e+00
   7.9527243586104433e+01   2.4457798223052777e+02  -2.9526482929188718e+00
   6.9245623784612178e+01   2.4345578412409839e+02  -2.9590798478052829e+00
   6.0316355192604775e+01   2.4029004381123514e+02  -2.9474755904386196e+00
   5.4970252025357730e+01   2.3187226541154430e+02  -1.3720276403118070e+00
   5.7110476513283842e+01   2.2202304282689215e+02  -1.3688274467835684e+00
   5.8383302664165022e+01   2.1273284385033247e+02  -1.3837864711623531e+00
   6.1866144541090911e+01   2.0212428476134335e+02  -1.3547909533971298e+00
   6.3879703118320833e+01   1.9242644108478223e+02  -1.3572273317798382e+00
   6.5430598675561669e+01   1.8280332025485779e+02  -1.3673177035619608e+00
   6.6775742719144148e+01   1.7185536852801445e+02  -1.3895599478680061e+00
   6.8460299065443749e+01   1.6188976646065279e+02  -1.3928333861480482e+00
   7.0091314431999052e+01   1.5108562209124230e+02  -1.3853603404265999e+00
   7.2006721791182144e+01   1.4195193315713300e+02  -1.3911201020676587e+00
   7.5984028215583820e+01   1.3100858590764895e+02  -1.3752406876944188e+00
   7.7100665297625255e+01   1.2171487728078871e+02  -1.3807991233858590e+00
   7.8198110449388608e+01   1.1165828998032514e+02  -1.3867111452510599e+00
   7.8932135319337121e+01   1.0145218250690799e+02  -1.3945657819488615e+00
   8.1417594418631722e+01   9.1740582803950900e+01  -1.3882558101500271e+00
   7.9224884748042172e+01   8.1259699115539206e+01  -1.4211784387647213e+00
   8.0745161359295508e+01   7.1397140179833883e+01  -1.4208559855490817e+00
   8.1218019639798825e+01   6.1343561874764774e+01  -1.4308530609696781e+00
   8.2868975247819577e+01   5.1747040449566654e+01  -1.4253036817502558e+00
   8.3762512224400950e+01   4.1383078557358388e+01  -1.4361159375095314e+00
   8.4049755631513236e+01   4.0662781652449510e+01   1.5693873598053548e-01
   9.3930900447102658e+01   4.2113626999237006e+01   1.6092801982409302e-01
   1.0808801684022909e+02   4.0739738590831941e+01   1.8900107579488376e-01
   1.1629513294659596e+02   4.3852754234762266e+01   1.7732836581009018e-01
   1.2324364728263645e+02   4.2137852227633111e+01   1.4592752093487552e-01
   1.3138793585490208e+02   4.1219766820750174e+01   1.2593514596170716e-01
   1.4273907725718294e+02   4.4868738144313653e+01   1.5579402673969500e-01
   1.5136511857966943e+02   4.4061591676522561e+01   1.2913467692863595e-01
   1.6126412528379782e+02   4.5231380494960128e+01   1.2774588946205515e-01
   1.7120597735995841e+02   4.7850723950682031e+01   1.4246281216848031e-01
   1.8132106536911624e+02   4.8887730871215474e+01   1.3812967515926960e-01
