   1.8999861480590420e+02   4.9998191115454979e+01  -2.7664354718686562e-04
   1.9996011864398636e+02   4.9952036239517476e+01  -3.7516155399656306e-03
   2.0996574291785848e+02   4.9926326185535920e+01  -3.0938283071564330e-03
   2.1996173136232750e+02   4.9895193918418371e+01  -3.1028868290501974e-03
   2.2995883369689861e+02   4.9930405850075346e+01  -7.4410027144528306e-04
   2.3995404327926920e+02   4.9908912982775036e+01  -1.1731467209156606e-03
   2.4994932220232172e+02   4.9866861662465176e+01  -1.9737798710714365e-03
   2.5991754384139978e+02   5.0047032198401581e+01   2.8275472347576210e-03
   2.6987605261860517e+02   5.0375090454445946e+01   9.3051704731354021e-03
   2.7983137204231747e+02   5.1115332131459979e+01   2.2445802972905743e-02
   2.8979700922901543e+02   5.1753008338687472e+01   3.0163205837548234e-02
   2.9978438934362492e+02   5.2311169690419632e+01   3.4828639484966659e-02
   3.0976545830538851e+02   5.2497607477071639e+01   3.2093484609438006e-02
   3.1978967067388550e+02   5.2875918563769318e+01   3.4210489360166595e-02
   3.2977206897218758e+02   5.3220959442797827e+01   3.4334462573852330e-02
   3.3976158013828109e+02   5.4548630829685607e+01   4.5203804112989521e-02
   3.4975240646939716e+02   5.6690721010737150e+01   6.2737442623965189e-02
   3.5977057907516530e+02   5.6644740481765027e+01   5.5438274184275257e-02
   3.6973812088289787e+02   5.7218259643152010e+01   5.5648723379645430e-02
   3.7634366777373731e+02   6.4856885699724657e+01   1.6313463017745857e+00
   3.7593205182700285e+02   7.4408293484990295e+01   1.6211120452410759e+00
   3.7530399779565374e+02   8.4541142509018030e+01   1.6259644709396843e+00
   3.7410909264126332e+02   9.5127863238343068e+01   1.6444309370970982e+00
   3.7375434115701688e+02   1.0481466941807493e+02   1.6352500903499818e+00
   3.7435992812888850e+02   1.1410310098991866e+02   1.6099634103255698e+00
   3.7428900535790808e+02   1.2403502780652113e+02   1.6035572231400137e+00
   3.7317883020444509e+02   1.3406639184496262e+02   1.6173765846369197e+00
   3.7159369498772270e+02   1.4490741292723067e+02   1.6336317031025489e+00
   3.7142076431422959e+02   1.5455262319561561e+02   1.6276217791924916e+00
   3.6970926718337148e+02   1.6506291014756027e+02   1.6393040501649863e+00
   3.6336455485135417e+02   1.7752916986076457e+02   1.6928771496803749e+00
   3.6148370892760806e+02   1.8747409307743192e+02   1.6991755381163756e+00
   3.6206457589967204e+02   1.9729763575389237e+02   1.6825638241861625e+00
   3.6305657780733395e+02   2.0707394569630887e+02   1.6634895954191358e+00
   3.6736444679652641e+02   2.1675432345699249e+02   1.6181422024009393e+00
   3.6621850600041188e+02   2.2673374939157480e+02   1.6242832992751741e+00
   3.6640748935132723e+02   2.3668371952858232e+02   1.6179300034141910e+00
   3.6505345633406063e+02   2.4654794364499455e+02   1.6276486289001610e+00
   3.6496489094046893e+02   2.5655586540894473e+02   1.6225492269670287e+00
   3.6558194543986099e+02   2.5641453995003485e+02  -3.1022661487359220e+00
   3.5531914227798518e+02   2.5603554520424393e+02  -3.0958418127241680e+00
   3.4241565692641416e+02   2.5620969980680604e+02  -3.0705459257779655e+00
   3.2993149869983586e+02   2.5582978997195718e+02  -3.0476497527293156e+00
   3.2279114342518835e+02   2.5646577534747195e+02  -3.0770777169275902e+00
   3.1202301622283625e+02   2.5529137159454419e+02  -3.0683500583268186e+00
   3.0381687125647665e+02   2.5624762930434923e+02  -3.0979821699076515e+00
   2.9406374985333906e+02   2.5605389739007211e+02  -3.1016934979871360e+00
   2.8395025765381297e+02   2.5521043959847233e+02  -3.0954552882273823e+00
   2.7464882685596092e+02   2.5713481235404220e+02  -3.1258025110851246e+00
   2.6466917843046826e+02   2.5701274658339838e+02  -3.1262389542489148e+00
   2.5474675443092860e+02   2.5661493463431179e+02  -3.1234003259413718e+00
   2.4485641014429865e+02   2.5691213630652322e+02  -3.1302611751678993e+00
   2.3493263955468760e+02   2.5710667207121446e+02  -3.1343363615479092e+00
   2.2423960586209171e+02   2.5654502685157905e+02  -3.1244445040570255e+00
   2.1476822667631211e+02   2.5678743773507676e+02  -3.1317469085982954e+00
   1.9976360396954755e+02   2.5937437937726378e+02  -3.1307056191062932e+00
   1.8885716355125567e+02   2.6049069655294511e+02  -3.1329133905666113e+00
   1.8073619944206982e+02   2.6530773045093389e+02  -3.1662447330735137e+00
   1.7135316131485422e+02   2.6723863833475662e+02   3.1059997924451865e+00
   1.6136991062351649e+02   2.6623518791238359e+02   3.1160995247712444e+00
   1.5139903480874699e+02   2.6750849438038068e+02   3.1087463693124011e+00
   1.4187716064834208e+02   2.6632582144783038e+02   3.1231313406405503e+00
   1.3236232378037082e+02   2.6492056920648525e+02   3.1380617204902546e+00
   1.2239612102825654e+02   2.6519010279481569e+02   3.1358574562711419e+00
   1.1244065060602691e+02   2.6576749069251730e+02   3.1311192084054666e+00
   1.0215701559680579e+02   2.6492510297525098e+02   3.1414348315285920e+00
   9.2504713475877153e+01   2.6601390352761780e+02   3.1301001453629040e+00
   8.2483832233225172e+01   2.6494300969790487e+02   3.1294558158481269e+00
   7.2501022451981186e+01   2.6479087537681147e+02   3.1291710947396458e+00
   6.4265195879882228e+01   2.5419117488305523e+02  -1.5655890100734937e+00
   6.6933899047873780e+01   2.5153819284457069e+02  -1.6025277818255574e+00
   6.9185652295363099e+01   2.3907331276848342e+02  -1.5641488636718279e+00
   6.8283022518927524e+01   2.2993916786330419e+02  -1.5771076634121741e+00
   6.7835740624618239e+01   2.2002039177201280e+02  -1.5822064928794746e+00
   6.8927812322150771e+01   2.0992222136370319e+02  -1.5675279114165082e+00
   7.0703829736665355e+01   1.9965207815088695e+02  -1.5425909839991019e+00
   7.0522932522241817e+01   1.8974643644176226e+02  -1.5486154785700692e+00
   7.0698712400526830e+01   1.7977375588993030e+02  -1.5493492406591776e+00
   7.0722554773169577e+01   1.6979415255836042e+02  -1.5521371841160443e+00
   7.0465911744648210e+01   1.5851526786144711e+02  -1.5701466474129515e+00
   7.0640701312165433e+01   1.4891244374433984e+02  -1.5645071717217183e+00
   7.0973235438335664e+01   1.3970212623698424e+02  -1.5712762593983898e+00
   7.1099120716543965e+01   1.3015844901747155e+02  -1.5754326312898135e+00
   6.5535459041196646e+01   1.2275278217350585e+02  -1.6095981112879625e+00
   6.3854679061275547e+01   1.1334320625916628e+02  -1.6172759548733391e+00
   6.5733725556063831e+01   1.0414366745739613e+02  -1.6005642088494669e+00
   6.7264090305980531e+01   9.4780408558353372e+01  -1.5878105363430273e+00
   6.7588755475713484e+01   8.4867840145258455e+01  -1.5838092950054796e+00
   6.8065119249625909e+01   7.4967679395204343e+01  -1.5790365897458771e+00
   6.7621045997222353e+01   7.4885834726378064e+01  -1.6839973402973690e-02
   7.7982989805251265e+01   7.4869991837646438e+01  -8.8109743102876004e-03
   8.7921349357393794e+01   7.4592828796828414e+01  -1.3163116508490908e-02
   9.7823140180731599e+01   7.3706875518389865e+01  -2.8140337394173157e-02
   1.0787416257703958e+02   7.3524755880525461e+01  -3.8845555587547140e-02
   1.1778811918301666e+02   7.3121239520692811e+01  -3.1567026747600341e-02
   1.2794236430690347e+02   7.2730627518767733e+01  -3.0235889644748458e-02
   1.3772895821806577e+02   7.2491339916313123e+01  -3.1475340014076168e-02
   1.4740001589157919e+02   7.1874587337050230e+01  -3.4232040236617634e-02
   1.6048702136475541e+02   7.4876216088654814e+01  -5.1345404104522138e-03
   1.7224092375097865e+02   7.8291663399048787e+01   2.9269236969679816e-02
   1.8424827938543132e+02   8.2850666519444971e+01   6.9082801263638582e-02
   1.9419018709296600e+02   8.2612110458347033e+01   6.0620508814638242e-02
   2.0414775478682225e+02   8.2935232439511452e+01   5.8177086596715111e-02
   2.1572303997714616e+02   8.1328981957484459e+01   3.6717483569920856e-02
   2.2543591325363408e+02   8.2043337323008316e+01   4.0141547111966047e-02
   2.3529017630415828e+02   8.2612986046502257e+01   4.5501749674009349e-02
   2.4532895494585276e+02   8.2916653354344419e+01   4.1522056543487479e-02
   2.5383145793692367e+02   8.3365482176883418e+01   2.4731069562685601e-02
   2.6445355810055639e+02   8.3660656638161512e+01   3.2733949822172329e-02
   2.7184273096495662e+02   8.3787176964020588e+01   2.3152122621483671e-02
   2.8354553741507419e+02   8.3953708611948272e+01   2.9078479570700248e-02
   2.9530239074056527e+02   9.1588625778367472e+01   6.7959370389243462e-02
   3.0606299750715738e+02   9.5540192802753523e+01   8.4937024042726322e-02
   3.1632396714160672e+02   9.4697512162973197e+01   7.5153110411969454e-02
   3.2581888283201431e+02   9.7747677149494862e+01   8.8307582704491489e-02
   3.3482772779528358e+02   9.9078883725911922e+01   9.6886375931920815e-02
   3.4429644631680429e+02   1.0025952401641975e+02   1.0125558760074735e-01
   3.5437680384437226e+02   1.0086127279095842e+02   9.4474311773319011e-02
   3.6436879318209157e+02   1.0161924537256952e+02   9.1667580142303418e-02
   3.7069383658983696e+02   1.0916756243837591e+02   1.6581411184652268e+00
   3.6977134072991771e+02   1.1838602062174493e+02   1.6306725721765047e+00
   3.7042609709931355e+02   1.2717404270941017e+02   1.6543475914651264e+00
   3.6947989442427013e+02   1.3720881694627712e+02   1.6516080942514766e+00
   3.6845063643891200e+02   1.4401042285513358e+02   1.6321797662592545e+00
   3.6779846084744491e+02   1.5196007920172499e+02   1.6194247095176817e+00
   3.6534989696595375e+02   1.6459927507068372e+02   1.6399101191421288e+00
   3.6560768818180992e+02   1.7330630603311855e+02   1.6306268515265501e+00
   3.6895002919862196e+02   1.8540906043213923e+02   1.6002225291836998e+00
   3.6782172572308696e+02   1.9486711576444918e+02   1.6065435527193956e+00
   3.6700219208952677e+02   2.0474549314253383e+02   1.6117320130630928e+00
   3.6492893129778821e+02   2.1439461075345770e+02   1.6293565355087749e+00
   3.6530932352923122e+02   2.2445636505615371e+02   1.6142766366872050e+00
   3.6494051028138665e+02   2.3442357053960717e+02   1.6133541459366305e+00
   3.6436798670812027e+02   2.4420029797588791e+02   1.6236184966085250e+00
   3.6391734652843684e+02   2.5420624898061126e+02   1.6202598085284199e+00
   3.6376325064870383e+02   2.6342792609359725e+02   1.6132614670151475e+00
   3.6282247854802040e+02   2.7432096741842008e+02   1.6227097685999905e+00
   3.6746074634353420e+02   2.7756613327263602e+02   1.5893431573787931e+00
   3.6169656555916720e+02   2.9489254232092816e+02   1.6247817255137249e+00
   3.6017781656912945e+02   2.9198129935968831e+02  -3.0654901874139271e+00
   3.4930171660471342e+02   2.8944609180573343e+02  -3.0523493452279000e+00
   3.4009325866982232e+02   2.8889655430259035e+02  -3.0613574198201157e+00
   3.3184254100344066e+02   2.8911419843039590e+02  -3.0833409215402621e+00
   3.2296595260838899e+02   2.8961964674951798e+02  -3.1113890784706242e+00
   3.1387028546363058e+02   2.9044069384356158e+02  -3.1353340823251288e+00
   3.0383072869840595e+02   2.9063466231911167e+02  -3.1413264409333972e+00
   2.9379389084864926e+02   2.9090051563213984e+02  -3.1468171281236232e+00
   2.8360947705176613e+02   2.9070728299980266e+02   3.1560878638920258e+00
   2.7363055747187963e+02   2.9053666589221325e+02  -3.1258125638793035e+00
   2.6614311570520175e+02   2.8892432583839843e+02  -3.1552379262647610e+00
   2.5666128626992014e+02   2.8882858118814460e+02   3.1220481203899837e+00
   2.3422239968713444e+02   2.7586159218947995e+02   3.1958460474485331e+00
   2.2000918053559460e+02   2.7862157859037075e+02  -3.0858917921023301e+00
   2.1004827644976896e+02   2.7806324903981675e+02  -3.0858544445673246e+00
   1.9980545111723339e+02   2.7572780177254174e+02  -3.0652183774909223e+00
   1.8935681734320724e+02   2.7636461418237138e+02  -3.0848188824723835e+00
   1.8003894674758817e+02   2.7386856617262077e+02  -3.0599794253383590e+00
   1.6935021905340966e+02   2.7418372976596646e+02  -3.0777491541286413e+00
   1.5980653000703430e+02   2.7284328173712936e+02  -3.0675473415659127e+00
   1.5015095701835031e+02   2.7065227631646627e+02  -3.0452646422502552e+00
   1.4050569595474153e+02   2.6814865620526103e+02  -3.0235816570383740e+00
   1.3048058046141529e+02   2.6654562305713347e+02  -3.0161920285714809e+00
   1.2040353053671194e+02   2.6447539530146446e+02  -3.0034285981788797e+00
   1.1094772734409405e+02   2.6228004289293762e+02  -3.0071506654447493e+00
   1.0140320084297262e+02   2.6030838966011299e+02  -3.0107154759763977e+00
   8.9184042747327084e+01   2.4634692210305855e+02  -2.9356889030384439e+00
   8.0236192637948903e+01   2.4712846539862539e+02  -2.9522906814528547e+00
   7.0027912623053368e+01   2.4598520336135226e+02  -2.9581855807323403e+00
   6.0976911279221497e+01   2.4276191973034062e+02  -2.9471663926492790e+00
   5.5570784783576173e+01   2.3429615004708452e+02  -1.3722456842964366e+00
   5.7665433233792115e+01   2.2440868890317950e+02  -1.3693448826700569e+00
   5.9096468927786958e+01   2.1523697394550126e+02  -1.3846876957529917e+00
   6.2234887642353783e+01   2.0442600901716372e+02  -1.3557965389504159e+00
   6.4263866591639427e+01   1.9474694341943140e+02  -1.3585933680825986e+00
   6.5921868501606198e+01   1.8518918352054069e+02  -1.3689821668912026e+00
   6.7685321329513485e+01   1.7454641314384924e+02  -1.3929748831190312e+00
   6.9391271586592268e+01   1.6461350301916247e+02  -1.3964911112797214e+00
   7.0959188150823820e+01   1.5414460216763632e+02  -1.3884124826685484e+00
   7.2823353226612440e+01   1.4474190645387796e+02  -1.3938419659905952e+00
   7.6721933458188033e+01   1.3386636111299356e+02  -1.3782191881307206e+00
   7.7891529407516586e+01   1.2443021370420838e+02  -1.3833497360490050e+00
   7.8961969626648852e+01   1.1449350871368942e+02  -1.3898916686751925e+00
   7.9679935997346050e+01   1.0446676361778958e+02  -1.3985335954545488e+00
   8.2082906133106860e+01   9.4706102042535960e+01  -1.3921509647976889e+00
   7.9997254985878996e+01   8.4467572672418456e+01  -1.4261984090156048e+00
   8.1465288163498869e+01   7.4603683380107825e+01  -1.4258577725129795e+00
   8.1895248210873206e+01   6.4538144631477209e+01  -1.4364784524927252e+00
   8.3477107029441513e+01   5.4930831510148160e+01  -1.4305288261592572e+00
   8.4343065691490906e+01   4.4556501854148536e+01  -1.4418382579023838e+00
   8.4607511090044653e+01   4.4234920518500424e+01   1.5198680044215909e-01
   9.4506351895306352e+01   4.5713017148872837e+01   1.5675118365882773e-01
   1.0911615438897606e+02   4.5142653049493177e+01   1.8667151289251965e-01
   1.1737982735401512e+02   4.7640454033371732e+01   1.7633886420869868e-01
   1.2406958285203619e+02   4.6393189429815529e+01   1.4153336136915462e-01
   1.3188668520570087e+02   4.5609542855591755e+01   1.1802780445575430e-01
   1.4333647726270817e+02   4.9009960821471061e+01   1.4810828142944418e-01
   1.5183944412972977e+02   4.8246973668295432e+01   1.2068290586079793e-01
   1.6172856517814850e+02   4.9340857606607067e+01   1.1941529737081838e-01
   1.7171360254849657e+02   5.1874095790650280e+01   1.3422346062545049e-01
   1.8180455790507133e+02   5.2839306861515780e+01   1.3022002643404504e-01
